11:00:58:417	0	0	0	0	0	0	0	100	0	0	0	0	0	
11:00:58:624	0	0	0	0	0	0	0	100	0	0	0	0	-14.40417	
11:00:58:827	0	0	0	0	0	0	0	100	0	0	0	0	-25.89834	
11:00:59:31	0	0	0	0	0	0	0	100	0	0	0	0	-34.74366	
11:00:59:233	0	0	0	0.008568493	-0.1216958	0	3	100	0	6453	0	0	-41.38392	
11:00:59:433	0	0	0	0.008568493	-0.1216958	0	3	100	0	6453	0	0	-46.31275	
11:00:59:625	0	0	0	0.008568493	-0.1216958	0	3	100	0	6453	0	0	-49.78973	
11:00:59:821	0	0	0	0.008568493	-0.1216958	0	3	100	0	6453	0	0	-52.33316	
11:01:00:36	0	0	0	0.008568493	-0.1216958	0	3	100	0	6453	0	0	-54.31734	
11:01:00:234	0	0	0	0.004462328	-0.3003559	0	3	100	0	6453	0	0	-55.53109	
11:01:00:431	0	0	0	0.004462328	-0.3003559	0	3	100	0	6453	-0.003289487	-0.003053546	-56.47117	
11:01:00:626	0	0	0	0.004462328	-0.3003559	0	3	100	0	6453	-0.06040002	-0.02244642	-57.1997	
11:01:00:829	0	0	0	0.004462328	-0.3003559	0	3	100	0	6453	-0.1238992	-0.04722256	-57.71613	
11:01:01:30	0	0	0	0.004462328	-0.3003559	0	3	100	0	6453	-0.3784549	-0.116267	-58.30181	
11:01:01:236	0	0	0	1.145352	24.27107	0	3	100	0	6453	-0.6110174	-0.1535598	-58.73756	
11:01:01:437	0	0	0	1.145352	24.27107	0	3	100	0	6453	-0.8122218	-0.2114688	-59.08179	
11:01:01:637	0	0	0	1.145352	24.27107	0	3	100	0	6453	-0.9217849	-0.225428	-59.31308	
11:01:01:844	0	0	0	1.145352	24.27107	0	3	100	0	6453	-0.9796599	-0.2716978	-59.58534	
11:01:02:46	0	0	0	1.145352	24.27107	0	3	100	0	6453	-0.9850723	-0.2800315	-59.82149	
11:01:02:236	0	0	0	1.362577	44.6059	0	3	100	0	6453	-0.9790114	-0.3168236	-60.07726	
11:01:02:437	0	0	0	1.362577	44.6059	0	3	100	0	6453	-0.9658242	-0.3400259	-60.22287	
11:01:02:636	0	0	0	1.362577	44.6059	0	3	100	0	6453	-0.952368	-0.337531	-60.30133	
11:01:02:839	0	0	0	1.362577	44.6059	0	3	100	0	6453	-0.8892177	-0.3404143	-60.3838	
11:01:03:41	0	0	0	1.362577	44.6059	0	3	100	0	6453	-0.8332939	-0.3343054	-60.48366	
11:01:03:245	0	0	0	1.429288	49.53514	0	3	100	0	6453	-0.8266511	-0.2911471	-60.56388	
11:01:03:448	0	0	0	1.429288	49.53514	0	3	100	0	6453	-0.8031861	-0.2928833	-60.4988	
11:01:03:639	0	0	0	1.429288	49.53514	0	3	100	0	6453	-0.7869499	-0.2780693	-60.57726	
11:01:03:839	0	0	0	1.429288	49.53514	0	3	100	0	6453	-0.8143834	-0.2685894	-60.63308	
11:01:04:41	0	0	0	1.429288	49.53514	0	3	100	0	6453	-0.833165	-0.284836	-60.6003	
11:01:04:244	0	0	0	1.446773	48.28559	0	3	100	0	6453	-0.8905013	-0.2931564	-60.57992	
11:01:04:446	0	0	0	1.446773	48.28559	0	3	100	0	6453	-0.8938179	-0.3317717	-60.61369	
11:01:04:639	0	0	0	1.446773	48.28559	0	3	100	0	6453	-0.8911673	-0.3502721	-60.61494	
11:01:04:840	0	0	0	1.446773	48.28559	0	3	100	0	6453	-0.914571	-0.3515081	-60.60141	
11:01:05:41	0	0	0	1.446773	48.28559	0	3	100	0	6453	-0.8858213	-0.3470293	-60.71817	
11:01:05:247	0	0	0	1.359972	43.03136	0	3	100	0	6453	-0.8533603	-0.3081017	-60.76982	
11:01:05:449	0	0	0	1.359972	43.03136	0	3	100	0	6453	-0.8379566	-0.3036202	-60.78631	
11:01:05:655	0	0	0	1.359972	43.03136	0	3	100	0	6453	-0.8654709	-0.3434927	-60.69799	
11:01:05:842	0	0	0	1.359972	43.03136	0	3	100	0	6453	-0.8823056	-0.3227571	-60.6573	
11:01:06:43	0	0	0	1.359972	43.03136	0	3	100	0	6453	-0.9520364	-0.3458757	-60.66324	
11:01:06:244	0	0	0	1.237309	36.37838	0	3	100	0	6453	-0.9996441	-0.3663035	-60.63914	
11:01:06:444	0	0	0	1.237309	36.37838	0	3	100	0	6453	-0.9785576	-0.3190991	-60.65033	
11:01:06:655	0	0	0	1.237309	36.37838	0	3	100	0	6453	-0.9456142	-0.3252317	-60.66002	
11:01:06:858	0	0	0	1.237309	36.37838	0	3	100	0	6453	-0.8817329	-0.2932642	-60.5885	
11:01:07:45	0	0	0	1.237309	36.37838	0	3	100	0	6453	-0.8684753	-0.2776706	-60.60826	
11:01:07:248	0	0	0	1.184941	36.15013	0	3	100	0	6453	-0.88495	-0.2889669	-60.59908	
11:01:07:452	0	0	0	1.184941	36.15013	0	3	100	0	6453	-0.8993362	-0.2917925	-60.5658	
11:01:07:655	0	0	0	1.184941	36.15013	0	3	100	0	6453	-0.9139745	-0.3161358	-60.47556	
11:01:07:858	0	0	0	1.184941	36.15013	0	3	100	0	6453	-0.9091606	-0.3003497	-60.41884	
11:01:08:61	0	0	0	1.184941	36.15013	0	3	100	0	6453	-0.8873009	-0.274165	-60.55628	
11:01:08:249	0	0	0	1.012321	27.7873	0	3	100	0	6453	-0.8340773	-0.2848782	-60.53624	
11:01:08:452	0	0	0	1.012321	27.7873	0	3	100	0	6453	-0.8197236	-0.3036904	-60.58029	
11:01:08:655	0	0	0	1.012321	27.7873	0	3	100	0	6453	-0.7839394	-0.3153278	-60.51452	
11:01:08:858	0	0	0	1.012321	27.7873	0	3	100	0	6453	-0.8139108	-0.2832462	-60.54026	
11:01:09:61	0	0	0	1.012321	27.7873	0	3	100	0	6453	-0.8549147	-0.2621352	-60.59147	
11:01:09:264	0	0	0	1.149009	37.1783	0	3	100	0	6453	-0.8608756	-0.2609923	-60.52185	
11:01:09:467	0	0	0	1.149009	37.1783	0	3	100	0	6453	-0.8533772	-0.2887383	-60.47869	
11:01:09:655	0	0	0	1.149009	37.1783	0	3	100	0	6453	-0.8287485	-0.2980281	-60.53931	
11:01:09:858	0	0	0	1.149009	37.1783	0	3	100	0	6453	-0.7761977	-0.2911587	-60.56936	
11:01:10:61	0	0	0	1.149009	37.1783	0	3	100	0	6453	-0.7477209	-0.2905641	-60.5255	
11:01:10:264	0	0	0	1.228731	37.71726	0	3	100	0	6453	-0.7404451	-0.3029694	-60.43615	
11:01:10:467	0	0	0	1.228731	37.71726	0	3	100	0	6453	-0.7591264	-0.2820036	-60.47507	
11:01:10:671	0	0	0	1.228731	37.71726	0	3	100	0	6453	-0.853146	-0.260393	-60.53945	
11:01:10:858	0	0	0	1.228731	37.71726	0	3	100	0	6453	-0.9116581	-0.2593659	-60.51633	
11:01:11:61	0	0	0	1.228731	37.71726	0	3	100	0	6453	-0.9119012	-0.3071744	-60.63614	
11:01:11:267	0	0	0	1.318813	38.62229	0	3	100	0	6453	-0.9033406	-0.3183804	-60.73501	
11:01:11:470	0	0	0	1.318813	38.62229	0	3	100	0	6453	-0.9190329	-0.3000013	-60.78755	
11:01:11:673	0	0	0	1.318813	38.62229	0	3	100	0	6453	-0.9091436	-0.2565417	-60.7728	
11:01:11:861	0	0	0	1.318813	38.62229	0	3	100	0	6453	-0.8917228	-0.2555248	-60.81202	
11:01:12:64	0	0	0	1.318813	38.62229	0	3	100	0	6453	-0.8756232	-0.278631	-60.7103	
11:01:12:267	0	0	0	1.095068	24.33198	0	3	100	0	6453	-0.8645836	-0.289187	-60.66675	
11:01:12:470	0	0	0	1.095068	24.33198	0	3	100	0	6453	-0.854426	-0.279276	-60.56651	
11:01:12:673	0	0	0	1.095068	24.33198	0	3	100	0	6453	-0.8491678	-0.2939175	-60.58945	
11:01:12:861	0	0	0	1.095068	24.33198	0	3	100	0	6453	-0.8637781	-0.3552604	-60.61183	
11:01:13:64	0	0	0	1.095068	24.33198	0	3	100	0	6453	-0.8942474	-0.3608951	-60.61168	
11:01:13:267	0	0	0	1.016125	21.23043	0	3	100	0	6453	-0.9208945	-0.3626074	-60.66316	
11:01:13:470	0	0	0	1.016125	21.23043	0	3	100	0	6453	-0.9055265	-0.3416161	-60.74018	
11:01:13:673	0	0	0	1.016125	21.23043	0	3	100	0	6453	-0.8892102	-0.3295285	-60.79299	
11:01:13:876	0	0	0	1.016125	21.23043	0	3	100	0	6453	-0.8873634	-0.3594918	-60.83744	
11:01:14:80	0	0	0	1.016125	21.23043	0	3	100	0	6453	-0.8879013	-0.3684486	-60.8751	
11:01:14:267	0	0	0	0.8547143	14.14049	0	3	100	0	6453	-0.889851	-0.3748142	-60.92517	
11:01:14:470	0	0	0	0.8547143	14.14049	0	3	100	0	6453	-0.8847983	-0.3838774	-60.96817	
11:01:14:673	0	0	0	0.8547143	14.14049	0	3	100	0	6453	-0.8779739	-0.3818451	-60.99073	
11:01:14:876	0	0	0	0.8547143	14.14049	0	3	100	0	6453	-0.8709488	-0.4061607	-61.01719	
11:01:15:80	0	0	0	0.8547143	14.14049	0	3	100	0	6453	-0.8633931	-0.4175827	-61.06684	
11:01:15:283	0	0	0	0.8382439	15.98703	0	3	100	0	6453	-0.8601613	-0.432865	-61.1126	
11:01:15:470	0	0	0	0.8382439	15.98703	0	3	100	0	6453	-0.8568786	-0.4390337	-61.14147	
11:01:15:673	0	0	0	0.8382439	15.98703	0	3	100	0	6453	-0.8530333	-0.4365362	-61.18216	
11:01:15:876	0	0	0	0.8382439	15.98703	0	3	100	0	6453	-0.8616298	-0.4511662	-61.21596	
11:01:16:80	0	0	0	0.8382439	15.98703	0	3	100	0	6453	-0.8973392	-0.4671499	-61.26094	
11:01:16:283	0	0	0	0.9990082	26.30036	0	3	100	0	6453	-0.8975798	-0.4773774	-61.2937	
11:01:16:486	0	0	0	0.9990082	26.30036	0	3	100	0	6453	-0.9016078	-0.4773225	-61.3237	
11:01:16:691	0	0	0	0.9990082	26.30036	0	3	100	0	6453	-0.9008825	-0.4729673	-61.36119	
11:01:16:878	0	0	0	0.9990082	26.30036	0	3	100	0	6453	-0.8829272	-0.4626193	-61.38459	
11:01:17:81	0	0	0	0.9990082	26.30036	0	3	100	0	6453	-0.8803511	-0.467247	-61.40855	
11:01:17:284	0	0	0	1.278729	35.76229	0	3	100	0	6453	-0.869351	-0.4653872	-61.42718	
11:01:17:488	0	0	0	1.278729	35.76229	0	3	100	0	6453	-0.8689002	-0.4549703	-61.462	
11:01:17:691	0	0	0	1.278729	35.76229	0	3	100	0	6453	-0.8670788	-0.4508317	-61.48125	
11:01:17:894	0	0	0	1.278729	35.76229	0	3	100	0	6453	-0.8673437	-0.4615369	-61.49995	
11:01:18:97	0	0	0	1.278729	35.76229	0	3	100	0	6453	-0.8759434	-0.480018	-61.51625	
11:01:18:285	0	0	0	1.320842	30.86566	0	3	100	0	6453	-0.874396	-0.4855089	-61.54883	
11:01:18:488	0	0	0	1.320842	30.86566	0	3	100	0	6453	-0.8829397	-0.5081758	-61.56728	
11:01:18:691	0	0	0	1.320842	30.86566	0	3	100	0	6453	-0.8813758	-0.4923157	-61.59035	
11:01:18:894	0	0	0	1.320842	30.86566	0	3	100	0	6453	-0.8832409	-0.5008541	-61.60497	
11:01:19:81	0	0	0	1.320842	30.86566	0	3	100	0	6453	-0.8767846	-0.5169594	-61.61906	
11:01:19:285	0	0	0	1.22214	21.6743	0	3	100	0	6453	-0.8829016	-0.55329	-61.63953	
11:01:19:488	0	0	0	1.22214	21.6743	0	3	100	0	6453	-0.876318	-0.5561867	-61.65257	
11:01:19:692	0	0	0	1.22214	21.6743	0	3	100	0	6453	-0.8722271	-0.5720707	-61.69541	
11:01:19:888	0	0	0	1.22214	21.6743	0	3	100	0	6453	-0.8603541	-0.5666022	-61.71391	
11:01:20:91	0	0	0	1.22214	21.6743	0	3	100	0	6453	-0.8750129	-0.5688549	-61.72255	
11:01:20:294	0	0	0	1.042267	13.72256	0	3	100	0	6453	-0.8748574	-0.5357415	-61.73551	
11:01:20:498	0	0	0	1.042267	13.72256	0	3	100	0	6453	-0.8735701	-0.5401289	-61.76502	
11:01:20:701	0	0	0	1.042267	13.72256	0	3	100	0	6453	-0.8747981	-0.5352158	-61.76673	
11:01:20:888	0	0	0	1.042267	13.72256	0	3	100	0	6453	-0.8740194	-0.5332364	-61.76404	
11:01:21:91	0	0	0	1.042267	13.72256	0	3	100	0	6453	-0.8783691	-0.5115317	-61.78238	
11:01:21:295	0	0	0	1.165968	18.65917	0	3	100	0	6453	-0.8756226	-0.4986849	-61.79387	
11:01:21:498	0	0	0	1.165968	18.65917	0	3	100	0	6453	-0.8808692	-0.501893	-61.80023	
11:01:21:701	0	0	0	1.165968	18.65917	0	3	100	0	6453	-0.8663873	-0.4966115	-61.80328	
11:01:21:904	0	0	0	1.165968	18.65917	0	3	100	0	6453	-0.867518	-0.502931	-61.79271	
11:01:22:92	0	0	0	1.165968	18.65917	0	3	100	0	6453	-0.8836977	-0.5191282	-61.80036	
11:01:22:296	0	0	0	1.355976	24.65939	0	3	100	0	6453	-0.8931249	-0.5336134	-61.81744	
11:01:22:499	0	0	0	1.355976	24.65939	0	3	100	0	6453	-0.889529	-0.5396987	-61.83182	
11:01:22:702	0	0	0	1.355976	24.65939	0	3	100	0	6453	-0.874329	-0.518579	-61.84003	
11:01:22:905	0	0	0	1.355976	24.65939	0	3	100	0	6453	-0.8683432	-0.5030414	-61.84239	
11:01:23:108	0	0	0	1.355976	24.65939	0	3	100	0	6453	-0.8607706	-0.497471	-61.8621	
11:01:23:296	0	0	0	1.550597	28.35026	0	3	100	0	6453	-0.8625672	-0.4825811	-61.87019	
11:01:23:499	0	0	0	1.550597	28.35026	0	3	100	0	6453	-0.8607109	-0.4851612	-61.87768	
11:01:23:702	0	0	0	1.550597	28.35026	0	3	100	0	6453	-0.853455	-0.4782099	-61.86824	
11:01:23:906	0	0	0	1.550597	28.35026	0	3	100	0	6453	-0.8450519	-0.4691243	-61.86707	
11:01:24:109	0	0	0	1.550597	28.35026	0	3	100	0	6453	-0.8509011	-0.4675509	-61.84827	
11:01:24:312	0	0	0	1.640146	26.80632	0	3	100	0	6453	-0.851426	-0.4570698	-61.84693	
11:01:24:515	0	0	0	1.640146	26.80632	0	3	100	0	6453	-0.8457846	-0.4619297	-61.85166	
11:01:24:702	0	0	0	1.640146	26.80632	0	3	100	0	6453	-0.8456802	-0.4721986	-61.86072	
11:01:24:906	0	0	0	1.640146	26.80632	0	3	100	0	6453	-0.8580315	-0.4883588	-61.85125	
11:01:25:109	0	0	0	1.640146	26.80632	0	3	100	0	6453	-0.8728778	-0.4933749	-61.84807	
11:01:25:312	0	0	0	1.487944	13.45686	0	3	100	0	6453	-0.8607869	-0.4863647	-61.85025	
11:01:25:515	0	0	0	1.487944	13.45686	0	3	100	0	6453	-0.8454114	-0.4660551	-61.84046	
11:01:25:718	0	0	0	1.487944	13.45686	0	3	100	0	6453	-0.8385454	-0.4674145	-61.83255	
11:01:25:906	0	0	0	1.487944	13.45686	0	3	100	0	6453	-0.8379238	-0.4765353	-61.83157	
11:01:26:109	0	0	0	1.487944	13.45686	0	3	100	0	6453	-0.8339188	-0.4359422	-61.83509	
11:01:26:313	0	0	0	1.204208	-0.06281459	0	3	100	0	6453	-0.8301623	-0.4394063	-61.82167	
11:01:26:516	0	0	0	1.204208	-0.06281459	0	3	100	0	6453	-0.8384507	-0.4417475	-61.8206	
11:01:26:720	0	0	0	1.204208	-0.06281459	0	3	100	0	6453	-0.8371695	-0.4230113	-61.81657	
11:01:26:923	0	0	0	1.204208	-0.06281459	0	3	100	0	6453	-0.8375418	-0.42712	-61.80866	
11:01:27:110	0	0	0	1.204208	-0.06281459	0	3	100	0	6453	-0.8398771	-0.4577603	-61.80608	
11:01:27:313	0	0	0	0.9078525	-9.067265	0	3	100	0	6453	-0.834039	-0.4663514	-61.82702	
11:01:27:517	0	0	0	0.9078525	-9.067265	0	3	100	0	6453	-0.8366632	-0.478155	-61.82806	
11:01:27:720	0	0	0	0.9078525	-9.067265	0	3	100	0	6453	-0.8366013	-0.4796239	-61.81475	
11:01:27:923	0	0	0	0.9078525	-9.067265	0	3	100	0	6453	-0.8341141	-0.4651608	-61.78516	
11:01:28:126	0	0	0	0.9078525	-9.067265	0	3	100	0	6453	-0.8270414	-0.4709986	-61.7837	
11:01:28:315	0	0	0	0.8716865	-3.08931	0	3	100	0	6453	-0.8332407	-0.4622026	-61.78815	
11:01:28:518	0	0	0	0.8716865	-3.08931	0	3	100	0	6453	-0.8431435	-0.4790956	-61.77944	
11:01:28:721	0	0	0	0.8716865	-3.08931	0	3	100	0	6453	-0.8569788	-0.506119	-61.77631	
11:01:28:924	0	0	0	0.8716865	-3.08931	0	3	100	0	6453	-0.8552609	-0.5073275	-61.79005	
11:01:29:128	0	0	0	0.8716865	-3.08931	0	3	100	0	6453	-0.8657405	-0.5031627	-61.783	
11:01:29:331	0	0	0	0.9354957	5.906249	0	3	100	0	6453	-0.8656633	-0.4880522	-61.77906	
11:01:29:518	0	0	0	0.9354957	5.906249	0	3	100	0	6453	-0.8632149	-0.4761284	-61.76409	
11:01:29:721	0	0	0	0.9354957	5.906249	0	3	100	0	6453	-0.8644037	-0.4590301	-61.75177	
11:01:29:924	0	0	0	0.9354957	5.906249	0	3	100	0	6453	-0.8655972	-0.4483541	-61.73683	
11:01:30:128	0	0	0	0.9354957	5.906249	0	3	100	0	6453	-0.8686104	-0.4341542	-61.7243	
11:01:30:331	0	0	0	0.9325514	6.493484	0	3	100	0	6453	-0.8709185	-0.4153423	-61.69756	
11:01:30:534	0	0	0	0.9325514	6.493484	0	3	100	0	6453	-0.8782194	-0.4122767	-61.68373	
11:01:30:721	0	0	0	0.9325514	6.493484	0	3	100	0	6453	-0.877142	-0.403096	-61.68684	
11:01:30:925	0	0	0	0.9325514	6.493484	0	3	100	0	6453	-0.8896224	-0.4079266	-61.67426	
11:01:31:128	0	0	0	0.9325514	6.493484	0	3	100	0	6453	-0.8809821	-0.3822625	-61.67976	
11:01:31:331	0	0	0	0.7209344	-1.016172	0	3	100	0	6453	-0.8964444	-0.408293	-61.66734	
11:01:31:534	0	0	0	0.7209344	-1.016172	0	3	100	0	6453	-0.9062025	-0.4202319	-61.64802	
11:01:31:737	0	0	0	0.7209344	-1.016172	0	3	100	0	6453	-0.9175816	-0.4384308	-61.62727	
11:01:31:940	0	0	0	0.7209344	-1.016172	0	3	100	0	6453	-0.9291734	-0.4554089	-61.59219	
11:01:32:128	0	0	0	0.7209344	-1.016172	0	3	100	0	6453	-0.9474272	-0.4872628	-61.57701	
11:01:32:331	0	0	0	0.4503494	-9.363605	0	3	100	0	6453	-0.9384331	-0.4749876	-61.55844	
11:01:32:534	0	0	0	0.4503494	-9.363605	0	3	100	0	6453	-0.9321775	-0.4785429	-61.55363	
11:01:32:737	0	0	0	0.4503494	-9.363605	0	3	100	0	6453	-0.9263299	-0.4692837	-61.54451	
11:01:32:940	0	0	0	0.4503494	-9.363605	0	3	100	0	6453	-0.9236703	-0.4720527	-61.5447	
11:01:33:144	0	0	0	0.4503494	-9.363605	0	3	100	0	6453	-0.9347416	-0.4784249	-61.53875	
11:01:33:344	0	0	0	0.1778743	-13.98083	0	3	100	0	6453	-0.9261429	-0.4588305	-61.53857	
11:01:33:547	0	0	0	0.1778743	-13.98083	0	3	100	0	6453	-0.9140998	-0.4353202	-61.53388	
11:01:33:734	0	0	0	0.1778743	-13.98083	0	3	100	0	6453	-0.91523	-0.4125442	-61.50267	
11:01:33:937	0	0	0	0.1778743	-13.98083	0	3	100	0	6453	-0.9156061	-0.4078687	-61.48436	
11:01:34:140	0	0	0	0.1778743	-13.98083	0	3	100	0	6453	-0.8986018	-0.3847497	-61.4792	
11:01:34:344	0	0	0	0.514924	6.890904	0	3	100	0	6453	-0.8951904	-0.3848915	-61.45725	
11:01:34:547	0	0	0	0.514924	6.890904	0	3	100	0	6453	-0.9004281	-0.3847145	-61.43261	
11:01:34:750	0	0	0	0.514924	6.890904	0	3	100	0	6453	-0.898237	-0.3840608	-61.40826	
11:01:34:937	0	0	0	0.514924	6.890904	0	3	100	0	6453	-0.8978721	-0.3934049	-61.38671	
11:01:35:141	0	0	0	0.514924	6.890904	0	3	100	0	6453	-0.9062896	-0.408009	-61.37925	
11:01:35:346	0	0	0	0.3695306	1.278476	0	3	100	0	6453	-0.9232458	-0.4183952	-61.36129	
11:01:35:549	0	0	0	0.3695306	1.278476	0	3	100	0	6453	-0.9362327	-0.4399973	-61.34103	
11:01:35:753	0	0	0	0.3695306	1.278476	0	3	100	0	6453	-0.9419848	-0.4576392	-61.31168	
11:01:35:940	0	0	0	0.3695306	1.278476	0	3	100	0	6453	-0.9381486	-0.4569969	-61.27393	
11:01:36:143	0	0	0	0.3695306	1.278476	0	3	100	0	6453	-0.9550105	-0.4835462	-61.27156	
11:01:36:347	0	0	0	0.3208748	0.00185864	0	3	100	0	6453	-0.9510676	-0.478125	-61.26035	
11:01:36:550	0	0	0	0.3208748	0.00185864	0	3	100	0	6453	-0.9452719	-0.4723161	-61.25217	
11:01:36:753	0	0	0	0.3208748	0.00185864	0	3	100	0	6453	-0.9553396	-0.4859602	-61.24249	
11:01:36:956	0	0	0	0.3208748	0.00185864	0	3	100	0	6453	-0.9950411	-0.5049232	-61.22383	
11:01:37:159	0	0	0	0.3208748	0.00185864	0	3	100	0	6453	-0.9818179	-0.4829803	-61.22825	
11:01:37:362	0	0	0	0.1316158	-7.072311	0	3	100	0	6453	-0.961445	-0.4533148	-61.20408	
11:01:37:550	0	0	0	0.1316158	-7.072311	0	3	100	0	6453	-0.9629358	-0.4656423	-61.18918	
11:01:37:753	0	0	0	0.1316158	-7.072311	0	3	100	0	6453	-0.9640949	-0.4502754	-61.17876	
11:01:37:956	0	0	0	0.1316158	-7.072311	0	3	100	0	6453	-0.9831097	-0.4793499	-61.18003	
11:01:38:159	0	0	0	0.1316158	-7.072311	0	3	100	0	6453	-0.9809049	-0.4747998	-61.17106	
11:01:38:362	0	0	0	0.1658541	-2.346943	0	3	100	0	6453	-0.9759198	-0.4542397	-61.16438	
11:01:38:550	0	0	0	0.1658541	-2.346943	0	3	100	0	6453	-0.9828768	-0.4528295	-61.17184	
11:01:38:750	0	0	0	0.1658541	-2.346943	0	3	100	0	6453	-0.9731144	-0.4340196	-61.17012	
11:01:38:953	0	0	0	0.1658541	-2.346943	0	3	100	0	6453	-0.9715648	-0.4395409	-61.19461	
11:01:39:156	0	0	0	0.1658541	-2.346943	0	3	100	0	6453	-0.9875871	-0.4820316	-61.20986	
11:01:39:359	0	0	0	0.3212053	6.785656	0	3	100	0	6453	-0.9969441	-0.5427039	-61.23497	
11:01:39:563	0	0	0	0.3212053	6.785656	0	3	100	0	6453	-1.010235	-0.5424648	-61.25323	
11:01:39:750	0	0	0	0.3212053	6.785656	0	3	100	0	6453	-1.006159	-0.5481659	-61.27359	
11:01:39:953	0	0	0	0.3212053	6.785656	0	3	100	0	6453	-1.007582	-0.5479965	-61.3103	
11:01:40:157	0	0	0	0.3212053	6.785656	0	3	100	0	6453	-1.009775	-0.5264629	-61.34064	
11:01:40:359	0	0	0	0.1637936	-1.447613	0	3	100	0	6453	-0.9985492	-0.5224447	-61.36089	
11:01:40:563	0	0	0	0.1637936	-1.447613	0	3	100	0	6453	-0.9816976	-0.5000571	-61.3916	
11:01:40:766	0	0	0	0.1637936	-1.447613	0	3	100	0	6453	-0.9668241	-0.4886202	-61.41011	
11:01:40:953	0	0	0	0.1637936	-1.447613	0	3	100	0	6453	-0.9549943	-0.4604064	-61.43436	
11:01:41:172	0	0	0	0.1637936	-1.447613	0	3	100	0	6453	-0.9479861	-0.4537259	-61.43859	
11:01:41:360	0	0	0	0.2333109	5.202374	0	3	100	0	6453	-0.945533	-0.4461079	-61.46508	
11:01:41:563	0	0	0	0.2333109	5.202374	0	3	100	0	6453	-0.9432102	-0.4454077	-61.48235	
11:01:41:766	0	0	0	0.2333109	5.202374	0	3	100	0	6453	-0.9379108	-0.4329934	-61.4881	
11:01:41:969	0	0	0	0.2333109	5.202374	0	3	100	0	6453	-0.9421134	-0.425407	-61.47783	
11:01:42:157	0	0	0	0.2333109	5.202374	0	3	100	0	6453	-0.9402956	-0.4180065	-61.48745	
11:01:42:360	0	0	0	0.2682718	5.514195	0	3	100	0	6453	-0.9296497	-0.4350498	-61.50012	
11:01:42:563	0	0	0	0.2682718	5.514195	0	3	100	0	6453	-0.9290894	-0.4430032	-61.53422	
11:01:42:766	0	0	0	0.2682718	5.514195	0	3	100	0	6453	-0.9672375	-0.2853828	-61.66	
11:01:42:969	0	0	0	0.2682718	5.514195	0	3	100	0	6453	3.221393	-2.776398	-66.68449	
11:01:43:172	0	0	0	0.2682718	5.514195	0	3	100	0	6453	-2.236907	-5.463144	-71.79301	
11:01:43:375	0	0	0	0.07849271	-6.453993	0	3	100	0	6453	3.092644	-5.373204	-71.14265	
11:01:43:563	0	0	0	0.07849271	-6.453993	0	3	100	0	6453	0.9578822	-3.987922	-70.39001	
11:01:43:766	0	0	0	0.07849271	-6.453993	0	3	100	0	6453	11.37715	-5.609447	-69.52727	
11:01:43:969	0	0	0	0.07849271	-6.453993	0	3	100	0	6453	0.9670088	-3.43862	-69.10198	
11:01:44:173	0	0	0	0.07849271	-6.453993	0	3	100	0	6453	-0.9775475	-0.8529879	-67.83689	
11:01:44:361	0	0	0	-0.5179557	-42.34868	0	3	100	0	6453	-1.00515	-0.8237033	-67.84312	
11:01:44:564	0	0	0	-0.5179557	-42.34868	0	3	100	0	6453	-0.982245	-0.7540263	-67.86855	
11:01:44:768	0	0	0	-0.5179557	-42.34868	0	3	100	0	6453	-0.9471182	-0.7015806	-67.90185	
11:01:44:971	0	0	0	-0.5179557	-42.34868	0	3	100	0	6453	-0.9193938	-0.6635463	-67.91693	
11:01:45:174	0	0	0	-0.5179557	-42.34868	0	3	100	0	6453	-0.9120683	-0.6526653	-67.95203	
11:01:45:361	0	0	0	-0.786391	-35.57031	0	3	100	0	6453	-0.9038875	-0.6149171	-67.96954	
11:01:45:564	0	0	0	-0.786391	-35.57031	0	3	100	0	6453	-0.9038655	-0.6164986	-67.98997	
11:01:45:768	0	0	0	-0.786391	-35.57031	0	3	100	0	6453	-0.9051955	-0.5880039	-68.0209	
11:01:45:971	0	0	0	-0.786391	-35.57031	0	3	100	0	6453	-0.9230614	-0.5992062	-68.04863	
11:01:46:174	0	0	0	-0.786391	-35.57031	0	3	100	0	6453	-0.9158424	-0.5747156	-68.05931	
11:01:46:373	0	0	0	-0.6262842	-11.53346	0	3	100	0	6453	-0.9157032	-0.572043	-68.08428	
11:01:46:577	0	0	0	-0.6262842	-11.53346	0	3	100	0	6453	-0.9151872	-0.5762641	-68.10923	
11:01:46:780	0	0	0	-0.6262842	-11.53346	0	3	100	0	6453	-0.9030199	-0.5522123	-68.12205	
11:01:46:983	0	0	0	-0.6262842	-11.53346	0	3	100	0	6453	-0.8801111	-0.5543177	-68.13902	
11:01:47:170	0	0	0	-0.6262842	-11.53346	0	3	100	0	6453	-0.8963208	-0.5804684	-68.14634	
11:01:47:373	0	0	0	-0.2686847	10.68262	0	3	100	0	6453	-0.9105488	-0.6065881	-68.16715	
11:01:47:577	0	0	0	-0.2686847	10.68262	0	3	100	0	6453	-0.9371353	-0.612556	-68.1986	
11:01:47:780	0	0	0	-0.2686847	10.68262	0	3	100	0	6453	-0.9265916	-0.5914562	-68.21347	
11:01:47:983	0	0	0	-0.2686847	10.68262	0	3	100	0	6453	-0.8908045	-0.5634948	-68.22469	
11:01:48:186	0	0	0	-0.2686847	10.68262	0	3	100	0	6453	-0.8941365	-0.5599877	-68.23543	
11:01:48:389	0	0	0	0.06205092	22.54053	0	3	100	0	6453	-0.8825034	-0.5330076	-68.25068	
11:01:48:577	0	0	0	0.06205092	22.54053	0	3	100	0	6453	-0.8763735	-0.5194696	-68.2523	
11:01:48:780	0	0	0	0.06205092	22.54053	0	3	100	0	6453	-0.8798692	-0.4989417	-68.26289	
11:01:48:983	0	0	0	0.06205092	22.54053	0	3	100	0	6453	-0.8405561	-0.4779797	-68.27824	
11:01:49:186	0	0	0	0.06205092	22.54053	0	3	100	0	6453	-0.8436285	-0.441029	-68.28653	
11:01:49:375	0	0	0	0.05452482	14.1326	0	3	100	0	6453	-0.8481085	-0.4236208	-68.29159	
11:01:49:578	0	0	0	0.05452482	14.1326	0	3	100	0	6453	-0.8587798	-0.4476602	-68.29723	
11:01:49:782	0	0	0	0.05452482	14.1326	0	3	100	0	6453	-0.864986	-0.4532895	-68.32603	
11:01:49:985	0	0	0	0.05452482	14.1326	0	3	100	0	6453	-0.8579282	-0.4319921	-68.35513	
11:01:50:188	0	0	0	0.05452482	14.1326	0	3	100	0	6453	-0.8475616	-0.4090181	-68.36122	
11:01:50:391	0	0	0	0.1664233	14.98552	0	3	100	0	6453	-0.8443642	-0.3943648	-68.35799	
11:01:50:594	0	0	0	0.1664233	14.98552	0	3	100	0	6453	-0.8404133	-0.4095949	-68.34901	
11:01:50:797	0	0	0	0.1664233	14.98552	0	3	100	0	6453	-0.8311302	-0.3785948	-68.35453	
11:01:50:985	0	0	0	0.1664233	14.98552	0	3	100	0	6453	-0.8248718	-0.3678926	-68.34597	
11:01:51:188	0	0	0	0.1664233	14.98552	0	3	100	0	6453	-0.8245626	-0.3401349	-68.32593	
11:01:51:392	0	0	0	0.4750293	24.27008	0	3	100	0	6453	-0.8214828	-0.3280377	-68.32522	
11:01:51:596	0	0	0	0.4750293	24.27008	0	3	100	0	6453	-0.8269563	-0.3305407	-68.31155	
11:01:51:783	0	0	0	0.4750293	24.27008	0	3	100	0	6453	-0.8335061	-0.3412097	-68.30522	
11:01:51:986	0	0	0	0.4750293	24.27008	0	3	100	0	6453	-0.8457314	-0.331239	-68.31511	
11:01:52:189	0	0	0	0.4750293	24.27008	0	3	100	0	6453	-0.8409485	-0.3130211	-68.30677	
11:01:52:392	0	0	0	0.7370132	25.43961	0	3	100	0	6453	-0.8355723	-0.3283264	-68.29954	
11:01:52:596	0	0	0	0.7370132	25.43961	0	3	100	0	6453	-0.8446626	-0.3482702	-68.31189	
11:01:52:785	0	0	0	0.7370132	25.43961	0	3	100	0	6453	-0.8488636	-0.322083	-68.31909	
11:01:52:999	0	0	0	0.7370132	25.43961	0	3	100	0	6453	-0.8420454	-0.3241527	-68.32282	
11:01:53:186	0	0	0	0.7370132	25.43961	0	3	100	0	6453	-0.8412681	-0.329863	-68.32681	
11:01:53:389	0	0	0	0.4914535	6.989522	0	3	100	0	6453	-0.8438895	-0.3246288	-68.32711	
11:01:53:593	0	0	0	0.4914535	6.989522	0	3	100	0	6453	-0.8373728	-0.3110397	-68.33195	
11:01:53:796	0	0	0	0.4914535	6.989522	0	3	100	0	6453	-0.8357306	-0.290502	-68.34976	
11:01:53:999	0	0	0	0.4914535	6.989522	0	3	100	0	6453	-0.842693	-0.3013255	-68.34694	
11:01:54:202	0	0	0	0.4914535	6.989522	0	3	100	0	6453	-0.8701566	-0.3291832	-68.33134	
11:01:54:405	0	0	0	0.1415771	-9.034293	0	3	100	0	6453	-0.8954886	-0.3577489	-68.31312	
11:01:54:593	0	0	0	0.1415771	-9.034293	0	3	100	0	6453	-1.412957	-0.640195	-68.7994	
11:01:54:796	0	0	0	0.1415771	-9.034293	0	3	100	0	6453	-3.730621	-1.334304	-62.74129	
11:01:54:999	0	0	0	0.1415771	-9.034293	0	3	100	0	6453	-1.41782	-0.7057612	-61.58557	
11:01:55:202	0	0	0	0.1415771	-9.034293	0	3	100	0	6453	-1.248058	-0.5531415	-61.43939	
11:01:55:405	0	0	0	-0.00586061	-13.85108	0	3	100	0	6453	-1.217725	-0.4875329	-61.05136	
11:01:55:608	0	0	0	-0.00586061	-13.85108	0	3	100	0	6453	-1.221209	-0.4631133	-61.02699	
11:01:55:797	0	0	0	-0.00586061	-13.85108	0	3	100	0	6453	-1.226539	-0.458828	-61.00992	
11:01:56:0	0	0	0	-0.00586061	-13.85108	0	3	100	0	6453	-1.210858	-0.4350829	-60.98953	
11:01:56:204	0	0	0	-0.00586061	-13.85108	0	3	100	0	6453	-1.18433	-0.4213777	-60.96912	
11:01:56:407	0	0	0	-0.1905998	-14.76369	0	3	100	0	6453	-1.15109	-0.3803804	-60.94851	
11:01:56:594	0	0	0	-0.1905998	-14.76369	0	3	100	0	6453	-1.172656	-0.353781	-61.13641	
11:01:56:797	0	0	0	-0.1905998	-14.76369	0	3	100	0	6453	-1.161941	-0.366479	-61.08183	
11:01:57:1	0	0	0	-0.1905998	-14.76369	0	3	100	0	6453	-1.13643	-0.3502538	-61.03706	
11:01:57:204	0	0	0	-0.1905998	-14.76369	0	3	100	0	6453	-1.1205	-0.3149787	-60.98682	
11:01:57:407	0	0	0	-0.198812	-8.13676	0	3	100	0	6453	-1.10613	-0.2989098	-60.9399	
11:01:57:610	0	0	0	-0.198812	-8.13676	0	3	100	0	6453	-1.081354	-0.2761184	-60.95692	
11:01:57:798	0	0	0	-0.198812	-8.13676	0	3	100	0	6453	-1.046034	-0.2410918	-60.93143	
11:01:58:1	0	0	0	-0.198812	-8.13676	0	3	100	0	6453	-1.052537	-0.2412511	-60.8997	
11:01:58:204	0	0	0	-0.198812	-8.13676	0	3	100	0	6453	-1.033446	-0.220947	-60.86701	
11:01:58:407	0	0	0	0.02464021	6.231392	0	3	100	0	6453	-1.078313	-0.2317971	-60.83885	
11:01:58:610	0	0	0	0.02464021	6.231392	0	3	100	0	6453	-1.080448	-0.2322937	-60.82059	
11:01:58:813	0	0	0	0.02464021	6.231392	0	3	100	0	6453	-1.067485	-0.2199695	-60.80305	
11:01:59:16	0	0	0	0.02464021	6.231392	0	3	100	0	6453	-1.075708	-0.2049768	-60.7693	
11:01:59:204	0	0	0	0.02464021	6.231392	0	3	100	0	6453	-1.079532	-0.19762	-60.7384	
11:01:59:407	0	0	0	0.1450751	9.42209	0	3	100	0	6453	-1.364423	-0.2803901	-58.94791	
11:01:59:610	0	0	0	0.1450751	9.42209	0	3	100	0	6453	-1.906506	-0.4184991	-54.23837	
11:01:59:813	0	0	0	0.1450751	9.42209	0	3	100	0	6453	-2.097487	-0.5296147	-52.56332	
11:02:00:16	0	0	0	0.1450751	9.42209	0	3	100	0	6453	-1.346673	-0.1724613	-50.23495	
11:02:00:204	0	0	0	0.1450751	9.42209	0	3	100	0	6453	-1.370439	-0.1229421	-50.12844	
11:02:00:408	0	0	0	0.0004528991	-4.059544	0	3	100	0	6453	-1.258301	-0.1189889	-50.10065	
11:02:00:612	0	0	0	0.0004528991	-4.059544	0	3	100	0	6453	-1.344544	-0.1850763	-50.07761	
11:02:00:815	0	0	0	0.0004528991	-4.059544	0	3	100	0	6453	-1.238668	-0.02285189	-50.03906	
11:02:01:18	0	0	0	0.0004528991	-4.059544	0	3	100	0	6453	-1.189439	0.1582824	-50.09013	
11:02:01:221	0	0	0	0.0004528991	-4.059544	0	3	100	0	6453	-1.076108	0.2137077	-50.06266	
11:02:01:408	0	0	0	-0.2030999	-7.595778	0	3	100	0	6453	-1.144978	0.1846713	-49.94493	
11:02:01:612	0	0	0	-0.2030999	-7.595778	0	3	100	0	6453	-1.090873	0.2753681	-49.88937	
11:02:01:815	0	0	0	-0.2030999	-7.595778	0	3	100	0	6453	-1.061775	0.360231	-49.8358	
11:02:02:18	0	0	0	-0.2030999	-7.595778	0	3	100	0	6453	-1.006651	0.4461344	-49.76711	
11:02:02:221	0	0	0	-0.2030999	-7.595778	0	3	100	0	6453	-0.9752438	0.5119337	-49.68494	
11:02:02:424	0	0	0	-0.3678062	-11.99143	0	3	100	0	6453	-0.9321744	0.5635602	-49.58785	
11:02:02:612	0	0	0	-0.3678062	-11.99143	0	3	100	0	6453	-0.9044789	0.6255248	-49.49492	
11:02:02:815	0	0	0	-0.3678062	-11.99143	0	3	100	0	6453	-0.884936	0.6857927	-49.41261	
11:02:03:18	0	0	0	-0.3678062	-11.99143	0	3	100	0	6453	-0.8167498	0.7128884	-49.32777	
11:02:03:223	0	0	0	-0.3678062	-11.99143	0	3	100	0	6453	-0.8406016	0.786723	-49.24915	
11:02:03:410	0	0	0	-0.6597091	-18.54041	0	3	100	0	6453	-0.83948	0.8054463	-49.18182	
11:02:03:617	0	0	0	-0.6597091	-18.54041	0	3	100	0	6453	-0.7500381	0.8163432	-49.09767	
11:02:03:820	0	0	0	-0.6597091	-18.54041	0	3	100	0	6453	-0.6793497	0.8529962	-49.0262	
11:02:04:23	0	0	0	-0.6597091	-18.54041	0	3	100	0	6453	-0.671316	0.895421	-48.94702	
11:02:04:226	0	0	0	-0.6597091	-18.54041	0	3	100	0	6453	-0.5816646	0.9585328	-48.95514	
11:02:04:429	0	0	0	-0.7850977	-14.17297	0	3	100	0	6453	-0.5144464	1.008588	-48.89999	
11:02:04:632	0	0	0	-0.7850977	-14.17297	0	3	100	0	6453	-0.5276558	1.015034	-48.83479	
11:02:04:820	0	0	0	-0.7850977	-14.17297	0	3	100	0	6453	-0.5312032	1.072776	-48.78005	
11:02:05:23	0	0	0	-0.7850977	-14.17297	0	3	100	0	6453	-0.4702222	1.147841	-48.73653	
11:02:05:226	0	0	0	-0.7850977	-14.17297	0	3	100	0	6453	-0.5174299	1.224424	-48.64007	
11:02:05:429	0	0	0	-0.4554091	6.455436	0	3	100	0	6453	-0.5107539	1.23006	-48.546	
11:02:05:632	0	0	0	-0.4554091	6.455436	0	3	100	0	6453	-0.4325402	1.225011	-48.47549	
11:02:05:820	0	0	0	-0.4554091	6.455436	0	3	100	0	6453	-0.2654261	1.259134	-48.47495	
11:02:06:23	0	0	0	-0.4554091	6.455436	0	3	100	0	6453	-0.2395676	1.29682	-48.36803	
11:02:06:226	0	0	0	-0.4554091	6.455436	0	3	100	0	6453	-0.2384189	1.40616	-48.27529	
11:02:06:429	0	0	0	-0.3853429	8.478772	0	3	100	0	6453	-0.1888077	1.436316	-48.18003	
11:02:06:633	0	0	0	-0.3853429	8.478772	0	3	100	0	6453	-0.1273073	1.457435	-48.09236	
11:02:06:836	0	0	0	-0.3853429	8.478772	0	3	100	0	6453	-0.1234986	1.468344	-48.01793	
11:02:07:23	0	0	0	-0.3853429	8.478772	0	3	100	0	6453	-0.2206762	1.54125	-47.91701	
11:02:07:226	0	0	0	-0.3853429	8.478772	0	3	100	0	6453	-0.1970307	1.533778	-47.85437	
11:02:07:430	0	0	0	-0.2572361	10.46533	0	3	100	0	6453	-0.1516334	1.515539	-47.77775	
11:02:07:633	0	0	0	-0.2572361	10.46533	0	3	100	0	6453	-0.1472261	1.531781	-47.70192	
11:02:07:836	0	0	0	-0.2572361	10.46533	0	3	100	0	6453	-0.2037036	1.540069	-47.60786	
11:02:08:39	0	0	0	-0.2572361	10.46533	0	3	100	0	6453	-0.2577677	1.549041	-47.54129	
11:02:08:228	0	0	0	-0.2572361	10.46533	0	3	100	0	6453	-0.2012365	1.539056	-47.47983	
11:02:08:431	0	0	0	-0.3311804	3.998608	0	3	100	0	6453	-0.1662515	1.572956	-47.39258	
11:02:08:634	0	0	0	-0.3311804	3.998608	0	3	100	0	6453	-0.1263889	1.584534	-47.29598	
11:02:08:838	0	0	0	-0.3311804	3.998608	0	3	100	0	6453	-0.108614	1.582951	-47.25927	
11:02:09:25	0	0	0	-0.3311804	3.998608	0	3	100	0	6453	-0.1114733	1.615607	-47.21218	
11:02:09:228	0	0	0	-0.3311804	3.998608	0	3	100	0	6453	-0.08838381	1.612903	-47.14328	
11:02:09:431	0	0	0	-0.1229553	12.10956	0	3	100	0	6453	-0.08629414	1.637649	-47.09275	
11:02:09:635	0	0	0	-0.1229553	12.10956	0	3	100	0	6453	-0.1435016	1.666431	-47.03354	
11:02:09:838	0	0	0	-0.1229553	12.10956	0	3	100	0	6453	-0.09240606	1.639134	-47.01288	
11:02:10:41	0	0	0	-0.1229553	12.10956	0	3	100	0	6453	-0.05437058	1.612512	-46.97409	
11:02:10:244	0	0	0	-0.1229553	12.10956	0	3	100	0	6453	-0.01713838	1.636047	-46.902	
11:02:10:447	0	0	0	-0.3228309	-0.1715223	0	3	100	0	6453	-0.08826397	1.631277	-46.84106	
11:02:10:635	0	0	0	-0.3228309	-0.1715223	0	3	100	0	6453	-0.1463621	1.593289	-46.81555	
11:02:10:838	0	0	0	-0.3228309	-0.1715223	0	3	100	0	6453	-0.113663	1.552358	-46.76966	
11:02:11:41	0	0	0	-0.3228309	-0.1715223	0	3	100	0	6453	-0.08723539	1.559925	-46.71975	
11:02:11:244	0	0	0	-0.3228309	-0.1715223	0	3	100	0	6453	-0.1640718	1.515402	-46.67198	
11:02:11:447	0	0	0	-0.5952445	-10.46042	0	3	100	0	6453	-0.1997017	1.479303	-46.62013	
11:02:11:650	0	0	0	-0.5952445	-10.46042	0	3	100	0	6453	-0.1627629	1.562932	-46.58656	
11:02:11:839	0	0	0	-0.5952445	-10.46042	0	3	100	0	6453	-0.1458761	1.484905	-46.54632	
11:02:12:43	0	0	0	-0.5952445	-10.46042	0	3	100	0	6453	-0.1185372	1.464454	-46.52293	
11:02:12:246	0	0	0	-0.5952445	-10.46042	0	3	100	0	6453	-0.1127529	1.497534	-46.48471	
11:02:12:449	0	0	0	-0.5784882	-1.335837	0	3	100	0	6453	-0.2105231	1.427258	-46.45236	
11:02:12:652	0	0	0	-0.5784882	-1.335837	0	3	100	0	6453	-0.1892247	1.3173	-46.42974	
11:02:12:855	0	0	0	-0.5784882	-1.335837	0	3	100	0	6453	-0.2205778	1.349697	-46.38931	
11:02:13:58	0	0	0	-0.5784882	-1.335837	0	3	100	0	6453	-0.2445876	1.351426	-46.35411	
11:02:13:246	0	0	0	-0.5784882	-1.335837	0	3	100	0	6453	-0.2116097	1.354069	-46.34092	
11:02:13:449	0	0	0	-0.1934761	16.52535	0	3	100	0	6453	-0.188926	1.315908	-46.32406	
11:02:13:652	0	0	0	-0.1934761	16.52535	0	3	100	0	6453	-0.1638866	1.276497	-46.29613	
11:02:13:855	0	0	0	-0.1934761	16.52535	0	3	100	0	6453	-0.2129012	1.283819	-46.25919	
11:02:14:58	0	0	0	-0.1934761	16.52535	0	3	100	0	6453	-0.183687	1.321657	-46.24031	
11:02:14:262	0	0	0	-0.1934761	16.52535	0	3	100	0	6453	-0.03478132	1.294891	-46.23409	
11:02:14:449	0	0	0	0.1091281	27.44028	0	3	100	0	6453	-0.02945132	1.302245	-46.24685	
11:02:14:652	0	0	0	0.1091281	27.44028	0	3	100	0	6453	-0.06975637	1.318682	-46.23996	
11:02:14:855	0	0	0	0.1091281	27.44028	0	3	100	0	6453	-0.01453531	1.277362	-46.22335	
11:02:15:59	0	0	0	0.1091281	27.44028	0	3	100	0	6453	-0.0623409	1.31533	-46.2084	
11:02:15:247	0	0	0	0.1091281	27.44028	0	3	100	0	6453	-0.08708341	1.341504	-46.20339	
11:02:15:466	0	0	0	0.3389685	28.13323	0	3	100	0	6453	-0.1952272	1.408977	-46.1779	
11:02:15:654	0	0	0	0.3389685	28.13323	0	3	100	0	6453	-0.1929637	1.451524	-46.19025	
11:02:15:857	0	0	0	0.3389685	28.13323	0	3	100	0	6453	-0.1777532	1.342709	-46.19009	
11:02:16:60	0	0	0	0.3389685	28.13323	0	3	100	0	6453	-0.2402568	1.249818	-46.19632	
11:02:16:263	0	0	0	0.3389685	28.13323	0	3	100	0	6453	-0.2432178	1.193274	-46.18923	
11:02:16:466	0	0	0	0.8250992	35.42342	0	3	100	0	6453	-0.2320561	1.185306	-46.2064	
11:02:16:669	0	0	0	0.8250992	35.42342	0	3	100	0	6453	-0.2543248	1.158489	-46.22586	
11:02:16:857	0	0	0	0.8250992	35.42342	0	3	100	0	6453	-0.224814	1.129164	-46.23328	
11:02:17:60	0	0	0	0.8250992	35.42342	0	3	100	0	6453	-0.222892	1.057064	-46.25826	
11:02:17:263	0	0	0	0.8250992	35.42342	0	3	100	0	6453	-0.2698483	1.003367	-46.2889	
11:02:17:466	0	0	0	1.068896	32.63863	0	3	100	0	6453	-0.2546058	0.9773937	-46.28867	
11:02:17:670	0	0	0	1.068896	32.63863	0	3	100	0	6453	-0.2592999	1.03842	-46.30756	
11:02:17:873	0	0	0	1.068896	32.63863	0	3	100	0	6453	-0.2708208	0.9564403	-46.31854	
11:02:18:60	0	0	0	1.068896	32.63863	0	3	100	0	6453	-0.2589461	0.9622278	-46.32951	
11:02:18:263	0	0	0	1.068896	32.63863	0	3	100	0	6453	-0.3295492	1.02559	-46.35011	
11:02:18:467	0	0	0	0.9767109	13.91048	0	3	100	0	6453	-0.2978635	0.9724071	-46.35412	
11:02:18:670	0	0	0	0.9767109	13.91048	0	3	100	0	6453	-0.31786	0.9216243	-46.3942	
11:02:18:873	0	0	0	0.9767109	13.91048	0	3	100	0	6453	-0.3505298	0.8895619	-46.40873	
11:02:19:76	0	0	0	0.9767109	13.91048	0	3	100	0	6453	-0.3547074	0.9102112	-46.43187	
11:02:19:279	0	0	0	0.9767109	13.91048	0	3	100	0	6453	-0.4532767	0.8774006	-46.44191	
11:02:19:467	0	0	0	0.8419986	3.813738	0	3	100	0	6453	-0.2970364	0.7839364	-46.48781	
11:02:19:670	0	0	0	0.8419986	3.813738	0	3	100	0	6453	-0.311262	0.8852053	-46.51548	
11:02:19:873	0	0	0	0.8419986	3.813738	0	3	100	0	6453	-0.2860962	0.8060976	-46.5353	
11:02:20:76	0	0	0	0.8419986	3.813738	0	3	100	0	6453	-0.3397515	0.8512521	-46.55132	
11:02:20:279	0	0	0	0.8419986	3.813738	0	3	100	0	6453	-0.3584518	0.8548524	-46.59044	
11:02:20:483	0	0	0	0.7603899	-2.242243	0	3	100	0	6453	-0.2948374	0.7986946	-46.65125	
11:02:20:670	0	0	0	0.7603899	-2.242243	0	3	100	0	6453	-0.3249978	0.7583435	-46.6748	
11:02:20:873	0	0	0	0.7603899	-2.242243	0	3	100	0	6453	-0.408907	0.7194917	-46.70571	
11:02:21:76	0	0	0	0.7603899	-2.242243	0	3	100	0	6453	-0.4132662	0.673592	-46.73434	
11:02:21:281	0	0	0	0.7603899	-2.242243	0	3	100	0	6453	-0.4375064	0.6168491	-46.77502	
11:02:21:484	0	0	0	0.5032314	-12.31367	0	3	100	0	6453	-0.4848558	0.6760265	-46.85532	
11:02:21:687	0	0	0	0.5032314	-12.31367	0	3	100	0	6453	-0.4901418	0.5570769	-46.88541	
11:02:21:875	0	0	0	0.5032314	-12.31367	0	3	100	0	6453	-0.4370552	0.4412128	-46.93582	
11:02:22:78	0	0	0	0.5032314	-12.31367	0	3	100	0	6453	-0.487356	0.3269509	-46.96365	
11:02:22:281	0	0	0	0.5032314	-12.31367	0	3	100	0	6453	-0.5104076	0.3478758	-46.98744	
11:02:22:484	0	0	0	0.5054975	-6.62017	0	3	100	0	6453	-0.4508017	0.2930293	-47.0373	
11:02:22:687	0	0	0	0.5054975	-6.62017	0	3	100	0	6453	-0.4123103	0.2506559	-47.06709	
11:02:22:891	0	0	0	0.5054975	-6.62017	0	3	100	0	6453	-0.4748287	0.187409	-47.08355	
11:02:23:78	0	0	0	0.5054975	-6.62017	0	3	100	0	6453	-0.4683338	0.2109925	-47.11731	
11:02:23:283	0	0	0	0.5054975	-6.62017	0	3	100	0	6453	-0.4520686	0.20981	-47.15838	
11:02:23:486	0	0	0	0.4927251	-5.278052	0	3	100	0	6453	-0.4394054	0.2023658	-47.20549	
11:02:23:689	0	0	0	0.4927251	-5.278052	0	3	100	0	6453	-0.3983191	0.2172658	-47.2683	
11:02:23:892	0	0	0	0.4927251	-5.278052	0	3	100	0	6453	-0.4294343	0.1789231	-47.29742	
11:02:24:95	0	0	0	0.4927251	-5.278052	0	3	100	0	6453	-0.428752	0.179947	-47.34166	
11:02:24:283	0	0	0	0.4927251	-5.278052	0	3	100	0	6453	-0.5030505	0.09031064	-47.34494	
11:02:24:486	0	0	0	0.5896013	0.3898627	0	3	100	0	6453	-0.5041047	0.05720099	-47.3837	
11:02:24:689	0	0	0	0.5896013	0.3898627	0	3	100	0	6453	-0.5420148	0.002638241	-47.42704	
11:02:24:892	0	0	0	0.5896013	0.3898627	0	3	100	0	6453	-0.5607738	-0.06763072	-47.48105	
11:02:25:95	0	0	0	0.5896013	0.3898627	0	3	100	0	6453	-0.5905154	-0.1112972	-47.5485	
11:02:25:299	0	0	0	0.5896013	0.3898627	0	3	100	0	6453	-0.6271834	-0.1789434	-47.61105	
11:02:25:502	0	0	0	0.6949025	5.499321	0	3	100	0	6453	-0.6565504	-0.2160377	-47.69218	
11:02:25:689	0	0	0	0.6949025	5.499321	0	3	100	0	6453	-0.7406389	-0.2915453	-47.75273	
11:02:25:892	0	0	0	0.6949025	5.499321	0	3	100	0	6453	-0.8553594	-0.3561076	-47.86275	
11:02:26:95	0	0	0	0.6949025	5.499321	0	3	100	0	6453	-0.8842185	-0.413179	-47.90614	
11:02:26:299	0	0	0	0.6949025	5.499321	0	3	100	0	6453	-0.8895776	-0.4610215	-48.0112	
11:02:26:502	0	0	0	0.7338637	-5.004071	0	3	100	0	6453	-0.9514481	-0.491157	-48.06841	
11:02:26:705	0	0	0	0.7338637	-5.004071	0	3	100	0	6453	-0.9830568	-0.5175002	-48.12404	
11:02:26:893	0	0	0	0.7338637	-5.004071	0	3	100	0	6453	-0.9903246	-0.5744586	-48.19503	
11:02:27:96	0	0	0	0.7338637	-5.004071	0	3	100	0	6453	-1.00775	-0.6120546	-48.28437	
11:02:27:299	0	0	0	0.7338637	-5.004071	0	3	100	0	6453	-1.023679	-0.6414393	-48.36698	
11:02:27:502	0	0	0	0.5252062	-12.31926	0	3	100	0	6453	-1.037029	-0.644519	-48.44194	
11:02:27:705	0	0	0	0.5252062	-12.31926	0	3	100	0	6453	-1.035763	-0.6565021	-48.50691	
11:02:27:908	0	0	0	0.5252062	-12.31926	0	3	100	0	6453	-1.028013	-0.666131	-48.56616	
11:02:28:96	0	0	0	0.5252062	-12.31926	0	3	100	0	6453	-1.034163	-0.6711253	-48.62283	
11:02:28:299	0	0	0	0.5252062	-12.31926	0	3	100	0	6453	-1.072668	-0.7015139	-48.67548	
11:02:28:502	0	0	0	-0.01256618	-31.56678	0	3	100	0	6453	-1.082468	-0.7215036	-48.72706	
11:02:28:705	0	0	0	-0.01256618	-31.56678	0	3	100	0	6453	-1.091823	-0.7222024	-48.78432	
11:02:28:908	0	0	0	-0.01256618	-31.56678	0	3	100	0	6453	-1.043878	-0.6829205	-48.84882	
11:02:29:112	0	0	0	-0.01256618	-31.56678	0	3	100	0	6453	-1.075665	-0.7177672	-48.87833	
11:02:29:312	0	0	0	-0.01256618	-31.56678	0	3	100	0	6453	-1.073734	-0.7396418	-48.91745	
11:02:29:515	0	0	0	-0.5467311	-42.62816	0	3	100	0	6453	-1.072155	-0.7539183	-48.95566	
11:02:29:718	0	0	0	-0.5467311	-42.62816	0	3	100	0	6453	-1.068604	-0.7747929	-49.01246	
11:02:29:906	0	0	0	-0.5467311	-42.62816	0	3	100	0	6453	-1.079866	-0.7957902	-49.04989	
11:02:30:109	0	0	0	-0.5467311	-42.62816	0	3	100	0	6453	-1.082113	-0.8139913	-49.08606	
11:02:30:312	0	0	0	-0.5467311	-42.62816	0	3	100	0	6453	-1.082217	-0.827249	-49.16034	
11:02:30:515	0	0	0	-0.3468471	-15.41934	0	3	100	0	6453	-1.074117	-0.824528	-49.23712	
11:02:30:718	0	0	0	-0.3468471	-15.41934	0	3	100	0	6453	-1.081809	-0.8454201	-49.27981	
11:02:30:906	0	0	0	-0.3468471	-15.41934	0	3	100	0	6453	-1.096526	-0.8436413	-49.33668	
11:02:31:109	0	0	0	-0.3468471	-15.41934	0	3	100	0	6453	-1.091386	-0.8427024	-49.37056	
11:02:31:312	0	0	0	-0.3468471	-15.41934	0	3	100	0	6453	-1.085717	-0.8538948	-49.43811	
11:02:31:515	0	0	0	0.1159146	8.812893	0	3	100	0	6453	-1.083964	-0.8802625	-49.48195	
11:02:31:718	0	0	0	0.1159146	8.812893	0	3	100	0	6453	-1.090515	-0.896937	-49.54134	
11:02:31:922	0	0	0	0.1159146	8.812893	0	3	100	0	6453	-1.092615	-0.9052465	-49.59414	
11:02:32:125	0	0	0	0.1159146	8.812893	0	3	100	0	6453	-1.084634	-0.8838127	-49.62196	
11:02:32:312	0	0	0	0.1159146	8.812893	0	3	100	0	6453	-1.109732	-0.881573	-49.65453	
11:02:32:516	0	0	0	0.6387263	28.19807	0	3	100	0	6453	-1.101699	-0.8767254	-49.70607	
11:02:32:719	0	0	0	0.6387263	28.19807	0	3	100	0	6453	-1.097694	-0.8503928	-49.73798	
11:02:32:923	0	0	0	0.6387263	28.19807	0	3	100	0	6453	-1.091124	-0.8486788	-49.78247	
11:02:33:126	0	0	0	0.6387263	28.19807	0	3	100	0	6453	-1.094558	-0.8652629	-49.82159	
11:02:33:314	0	0	0	0.6387263	28.19807	0	3	100	0	6453	-1.106812	-0.8657539	-49.86415	
11:02:33:517	0	0	0	0.9894547	31.01976	0	3	100	0	6453	-1.095887	-0.8428879	-49.87921	
11:02:33:720	0	0	0	0.9894547	31.01976	0	3	100	0	6453	-1.088618	-0.8294504	-49.89953	
11:02:33:923	0	0	0	0.9894547	31.01976	0	3	100	0	6453	-1.086923	-0.8327026	-49.93544	
11:02:34:126	0	0	0	0.9894547	31.01976	0	3	100	0	6453	-1.081394	-0.8146911	-49.97881	
11:02:34:330	0	0	0	0.9894547	31.01976	0	3	100	0	6453	-1.072357	-0.7991329	-50.00761	
11:02:34:533	0	0	0	0.9228106	15.07868	0	3	100	0	6453	-1.064226	-0.7780826	-50.03029	
11:02:34:720	0	0	0	0.9228106	15.07868	0	3	100	0	6453	-1.063833	-0.8012726	-50.06274	
11:02:34:925	0	0	0	0.9228106	15.07868	0	3	100	0	6453	-1.06746	-0.8151509	-50.08534	
11:02:35:128	0	0	0	0.9228106	15.07868	0	3	100	0	6453	-1.060691	-0.8324148	-50.1363	
11:02:35:331	0	0	0	0.9228106	15.07868	0	3	100	0	6453	-1.056619	-0.8602554	-50.18158	
11:02:35:534	0	0	0	0.7230196	2.102762	0	3	100	0	6453	-1.042531	-0.84488	-50.21723	
11:02:35:738	0	0	0	0.7230196	2.102762	0	3	100	0	6453	-1.05353	-0.8617942	-50.24541	
11:02:35:925	0	0	0	0.7230196	2.102762	0	3	100	0	6453	-1.055329	-0.8845051	-50.25949	
11:02:36:128	0	0	0	0.7230196	2.102762	0	3	100	0	6453	-1.051101	-0.8810902	-50.27246	
11:02:36:331	0	0	0	0.7230196	2.102762	0	3	100	0	6453	-1.052176	-0.8767294	-50.29792	
11:02:36:535	0	0	0	0.6141982	-3.381629	0	3	100	0	6453	-1.043907	-0.8575646	-50.32779	
11:02:36:738	0	0	0	0.6141982	-3.381629	0	3	100	0	6453	-1.046101	-0.850757	-50.33854	
11:02:36:941	0	0	0	0.6141982	-3.381629	0	3	100	0	6453	-1.048179	-0.8643917	-50.33701	
11:02:37:129	0	0	0	0.6141982	-3.381629	0	3	100	0	6453	-1.026717	-0.837145	-50.34919	
11:02:37:332	0	0	0	0.6141982	-3.381629	0	3	100	0	6453	-1.03537	-0.858647	-50.37447	
11:02:37:535	0	0	0	0.4501947	-10.42599	0	3	100	0	6453	-1.019869	-0.8249121	-50.39996	
11:02:37:738	0	0	0	0.4501947	-10.42599	0	3	100	0	6453	-0.9997701	-0.8077296	-50.40913	
11:02:37:938	0	0	0	0.4501947	-10.42599	0	3	100	0	6453	-1.012491	-0.7964928	-50.41784	
11:02:38:141	0	0	0	0.4501947	-10.42599	0	3	100	0	6453	-0.9949171	-0.7839608	-50.45891	
11:02:38:344	0	0	0	0.4501947	-10.42599	0	3	100	0	6453	-0.9762597	-0.7623169	-50.48354	
11:02:38:532	0	0	0	0.6590185	3.862218	0	3	100	0	6453	-0.9697084	-0.7776332	-50.47262	
11:02:38:735	0	0	0	0.6590185	3.862218	0	3	100	0	6453	-0.9824336	-0.7890449	-50.48828	
11:02:38:938	0	0	0	0.6590185	3.862218	0	3	100	0	6453	-0.9827678	-0.790275	-50.50648	
11:02:39:141	0	0	0	0.6590185	3.862218	0	3	100	0	6453	-1.016838	-0.8064853	-50.51354	
11:02:39:344	0	0	0	0.6590185	3.862218	0	3	100	0	6453	-1.033126	-0.8171996	-50.53154	
11:02:39:532	0	0	0	0.79795	6.896521	0	3	100	0	6453	-1.028052	-0.8214862	-50.55116	
11:02:39:735	0	0	0	0.79795	6.896521	0	3	100	0	6453	-1.024286	-0.8212964	-50.57578	
11:02:39:939	0	0	0	0.79795	6.896521	0	3	100	0	6453	-1.009889	-0.8212711	-50.59209	
11:02:40:143	0	0	0	0.79795	6.896521	0	3	100	0	6453	-1.022338	-0.840844	-50.58957	
11:02:40:346	0	0	0	0.79795	6.896521	0	3	100	0	6453	-0.9895234	-0.8113522	-50.5846	
11:02:40:549	0	0	0	1.208354	23.32364	0	3	100	0	6453	-0.9603918	-0.7811373	-50.59756	
11:02:40:736	0	0	0	1.208354	23.32364	0	3	100	0	6453	-0.9635763	-0.7732404	-50.62696	
11:02:40:939	0	0	0	1.208354	23.32364	0	3	100	0	6453	-0.9679754	-0.7804179	-50.62775	
11:02:41:143	0	0	0	1.208354	23.32364	0	3	100	0	6453	-0.9684308	-0.7720422	-50.64786	
11:02:41:346	0	0	0	1.208354	23.32364	0	3	100	0	6453	-0.9589825	-0.7831837	-50.66352	
11:02:41:553	0	0	0	1.213836	14.09696	0	3	100	0	6453	-0.9536102	-0.791476	-50.68838	
11:02:41:741	0	0	0	1.213836	14.09696	0	3	100	0	6453	-0.9561867	-0.7934898	-50.70891	
11:02:41:940	0	0	0	1.213836	14.09696	0	3	100	0	6453	-0.9568264	-0.7894215	-50.7056	
11:02:42:143	0	0	0	1.213836	14.09696	0	3	100	0	6453	-0.9596221	-0.7926655	-50.71857	
11:02:42:346	0	0	0	1.213836	14.09696	0	3	100	0	6453	-0.9615455	-0.8167195	-50.71833	
11:02:42:550	0	0	0	1.12547	5.279329	0	3	100	0	6453	-0.9539225	-0.8196232	-50.7459	
11:02:42:753	0	0	0	1.12547	5.279329	0	3	100	0	6453	-0.935613	-0.808918	-50.75758	
11:02:42:940	0	0	0	1.12547	5.279329	0	3	100	0	6453	-0.935598	-0.8030083	-50.76094	
11:02:43:143	0	0	0	1.12547	5.279329	0	3	100	0	6453	-0.935572	-0.7727248	-50.75685	
11:02:43:346	0	0	0	1.12547	5.279329	0	3	100	0	6453	-0.9344021	-0.755679	-50.7718	
11:02:43:550	0	0	0	0.5963454	-21.16227	0	3	100	0	6453	-0.9337249	-0.7520064	-50.7632	
11:02:43:753	0	0	0	0.5963454	-21.16227	0	3	100	0	6453	-0.946317	-0.7482806	-50.76176	
11:02:43:956	0	0	0	0.5963454	-21.16227	0	3	100	0	6453	-0.9448545	-0.7279439	-50.76739	
11:02:44:144	0	0	0	0.5963454	-21.16227	0	3	100	0	6453	-0.941784	-0.7392807	-50.75885	
11:02:44:347	0	0	0	0.5963454	-21.16227	0	3	100	0	6453	-0.94413	-0.7439554	-50.7606	
11:02:44:550	0	0	0	0.08066797	-35.06105	0	3	100	0	6453	-0.9613622	-0.7644836	-50.78292	
11:02:44:753	0	0	0	0.08066797	-35.06105	0	3	100	0	6453	-0.9746646	-0.7623323	-50.79416	
11:02:44:956	0	0	0	0.08066797	-35.06105	0	3	100	0	6453	-0.9778897	-0.7427245	-50.80899	
11:02:45:159	0	0	0	0.08066797	-35.06105	0	3	100	0	6453	-0.9872976	-0.7598976	-50.82129	
11:02:45:362	0	0	0	0.08066797	-35.06105	0	3	100	0	6453	-0.9849446	-0.7602807	-50.81803	
11:02:45:550	0	0	0	0.005233751	-23.50933	0	3	100	0	6453	-0.9776315	-0.7369893	-50.80902	
11:02:45:753	0	0	0	0.005233751	-23.50933	0	3	100	0	6453	-0.9894714	-0.7636375	-50.81896	
11:02:45:956	0	0	0	0.005233751	-23.50933	0	3	100	0	6453	-0.991569	-0.7612133	-50.82565	
11:02:46:159	0	0	0	0.005233751	-23.50933	0	3	100	0	6453	-0.9874231	-0.7629401	-50.81179	
11:02:46:363	0	0	0	0.005233751	-23.50933	0	3	100	0	6453	-0.981883	-0.7384455	-50.80875	
11:02:46:566	0	0	0	0.520082	6.818358	0	3	100	0	6453	-1.014087	-0.7573775	-50.81117	
11:02:46:753	0	0	0	0.520082	6.818358	0	3	100	0	6453	-1.044899	-0.7732347	-50.80812	
11:02:46:956	0	0	0	0.520082	6.818358	0	3	100	0	6453	-1.049448	-0.7786847	-50.81277	
11:02:47:159	0	0	0	0.520082	6.818358	0	3	100	0	6453	-1.041805	-0.7566515	-50.80883	
11:02:47:356	0	0	0	0.520082	6.818358	0	3	100	0	6453	-1.04278	-0.7368336	-50.80766	
11:02:47:562	0	0	0	0.7069408	11.55784	0	3	100	0	6453	-1.050158	-0.7201099	-50.79667	
11:02:47:765	0	0	0	0.7069408	11.55784	0	3	100	0	6453	-1.053282	-0.7265109	-50.78524	
11:02:47:968	0	0	0	0.7069408	11.55784	0	3	100	0	6453	-1.054421	-0.7160649	-50.76453	
11:02:48:172	0	0	0	0.7069408	11.55784	0	3	100	0	6453	-1.056672	-0.7190695	-50.76819	
11:02:48:359	0	0	0	0.7069408	11.55784	0	3	100	0	6453	-1.053624	-0.725753	-50.75209	
11:02:48:562	0	0	0	0.9755815	17.92729	0	3	100	0	6453	-1.052425	-0.7412124	-50.74959	
11:02:48:765	0	0	0	0.9755815	17.92729	0	3	100	0	6453	-1.047704	-0.7379866	-50.74448	
11:02:48:969	0	0	0	0.9755815	17.92729	0	3	100	0	6453	-1.038819	-0.7358966	-50.7475	
11:02:49:172	0	0	0	0.9755815	17.92729	0	3	100	0	6453	-1.036391	-0.7171197	-50.74852	
11:02:49:375	0	0	0	0.9755815	17.92729	0	3	100	0	6453	-1.030925	-0.7128394	-50.73356	
11:02:49:562	0	0	0	0.868296	5.615426	0	3	100	0	6453	-1.028011	-0.7109601	-50.72631	
11:02:49:766	0	0	0	0.868296	5.615426	0	3	100	0	6453	-1.026489	-0.7135379	-50.7148	
11:02:49:969	0	0	0	0.868296	5.615426	0	3	100	0	6453	-1.070138	-0.7350945	-50.70817	
11:02:50:172	0	0	0	0.868296	5.615426	0	3	100	0	6453	-1.06065	-0.7227637	-50.70185	
11:02:50:375	0	0	0	0.868296	5.615426	0	3	100	0	6453	-1.059465	-0.7287444	-50.71639	
11:02:50:578	0	0	0	1.07375	12.88621	0	3	100	0	6453	-1.09303	-0.740275	-50.70115	
11:02:50:781	0	0	0	1.07375	12.88621	0	3	100	0	6453	-1.087416	-0.7398485	-50.67741	
11:02:50:969	0	0	0	1.07375	12.88621	0	3	100	0	6453	-1.084117	-0.7235334	-50.65405	
11:02:51:172	0	0	0	1.07375	12.88621	0	3	100	0	6453	-1.084736	-0.7347745	-50.63774	
11:02:51:375	0	0	0	1.07375	12.88621	0	3	100	0	6453	-1.080168	-0.7291886	-50.61894	
11:02:51:578	0	0	0	1.231486	15.12427	0	3	100	0	6453	-1.074492	-0.7263716	-50.59473	
11:02:51:783	0	0	0	1.231486	15.12427	0	3	100	0	6453	-1.082803	-0.7034861	-50.57908	
11:02:51:986	0	0	0	1.231486	15.12427	0	3	100	0	6453	-1.085968	-0.6900749	-50.57189	
11:02:52:189	0	0	0	1.231486	15.12427	0	3	100	0	6453	-1.083739	-0.6914282	-50.56808	
11:02:52:377	0	0	0	1.231486	15.12427	0	3	100	0	6453	-1.077593	-0.6971845	-50.55951	
11:02:52:580	0	0	0	1.102608	1.873749	0	3	100	0	6453	-1.067229	-0.6948773	-50.54542	
11:02:52:783	0	0	0	1.102608	1.873749	0	3	100	0	6453	-1.053235	-0.6685847	-50.53482	
11:02:52:986	0	0	0	1.102608	1.873749	0	3	100	0	6453	-1.049874	-0.664683	-50.51619	
11:02:53:190	0	0	0	1.102608	1.873749	0	3	100	0	6453	-1.044344	-0.6462508	-50.50712	
11:02:53:377	0	0	0	1.102608	1.873749	0	3	100	0	6453	-1.047931	-0.640836	-50.49903	
11:02:53:596	0	0	0	1.001077	-3.274712	0	3	100	0	6453	-1.059634	-0.625753	-50.47843	
11:02:53:785	0	0	0	1.001077	-3.274712	0	3	100	0	6453	-1.057645	-0.6196067	-50.46025	
11:02:53:988	0	0	0	1.001077	-3.274712	0	3	100	0	6453	-1.07942	-0.6346293	-50.45113	
11:02:54:191	0	0	0	1.001077	-3.274712	0	3	100	0	6453	-1.090278	-0.6392815	-50.45116	
11:02:54:394	0	0	0	1.001077	-3.274712	0	3	100	0	6453	-1.089017	-0.6458052	-50.45618	
11:02:54:582	0	0	0	1.197662	4.261692	0	3	100	0	6453	-1.104025	-0.6564346	-50.45688	
11:02:54:785	0	0	0	1.197662	4.261692	0	3	100	0	6453	-1.117545	-0.6578344	-50.4605	
11:02:54:988	0	0	0	1.197662	4.261692	0	3	100	0	6453	-1.12373	-0.6797841	-50.43933	
11:02:55:191	0	0	0	1.197662	4.261692	0	3	100	0	6453	-1.122298	-0.6730181	-50.43	
11:02:55:391	0	0	0	1.197662	4.261692	0	3	100	0	6453	-1.12452	-0.6774384	-50.41357	
11:02:55:594	0	0	0	1.176626	1.796898	0	3	100	0	6453	-1.118065	-0.6486008	-50.39684	
11:02:55:798	0	0	0	1.176626	1.796898	0	3	100	0	6453	-1.119767	-0.6394174	-50.38177	
11:02:55:985	0	0	0	1.176626	1.796898	0	3	100	0	6453	-1.119985	-0.6371221	-50.35208	
11:02:56:204	0	0	0	1.176626	1.796898	0	3	100	0	6453	-1.113453	-0.6317775	-50.35218	
11:02:56:391	0	0	0	1.176626	1.796898	0	3	100	0	6453	-1.109939	-0.6488383	-50.36291	
11:02:56:595	0	0	0	1.171099	-0.3711286	0	3	100	0	6453	-1.106914	-0.6303763	-50.35199	
11:02:56:798	0	0	0	1.171099	-0.3711286	0	3	100	0	6453	-1.103471	-0.6180223	-50.32513	
11:02:57:1	0	0	0	1.171099	-0.3711286	0	3	100	0	6453	-1.108415	-0.5873195	-50.31774	
11:02:57:204	0	0	0	1.171099	-0.3711286	0	3	100	0	6453	-1.107888	-0.5926226	-50.32343	
11:02:57:407	0	0	0	1.171099	-0.3711286	0	3	100	0	6453	-1.104583	-0.609762	-50.31925	
11:02:57:595	0	0	0	1.246981	3.919219	0	3	100	0	6453	-1.095194	-0.6034793	-50.29095	
11:02:57:798	0	0	0	1.246981	3.919219	0	3	100	0	6453	-1.091671	-0.6112254	-50.29181	
11:02:58:1	0	0	0	1.246981	3.919219	0	3	100	0	6453	-1.088965	-0.596739	-50.27865	
11:02:58:204	0	0	0	1.246981	3.919219	0	3	100	0	6453	-1.088756	-0.6023223	-50.28609	
11:02:58:407	0	0	0	1.246981	3.919219	0	3	100	0	6453	-1.082483	-0.5927817	-50.27114	
11:02:58:595	0	0	0	1.176301	-1.896246	0	3	100	0	6453	-1.079985	-0.5759248	-50.27472	
11:02:58:798	0	0	0	1.176301	-1.896246	0	3	100	0	6453	-1.051085	-0.5528799	-50.24946	
11:02:59:1	0	0	0	1.176301	-1.896246	0	3	100	0	6453	-1.005906	-0.5324452	-50.2157	
11:02:59:204	0	0	0	1.176301	-1.896246	0	3	100	0	6453	-0.9947299	-0.5296217	-50.20259	
11:02:59:408	0	0	0	1.176301	-1.896246	0	3	100	0	6453	-1.005292	-0.5446822	-50.17158	
11:02:59:611	0	0	0	0.998079	-9.059239	0	3	100	0	6453	-1.01245	-0.5570859	-50.14547	
11:02:59:798	0	0	0	0.998079	-9.059239	0	3	100	0	6453	-1.005676	-0.5324386	-50.12389	
11:03:00:1	0	0	0	0.998079	-9.059239	0	3	100	0	6453	-1.008147	-0.5217035	-50.12697	
11:03:00:204	0	0	0	0.998079	-9.059239	0	3	100	0	6453	-1.014231	-0.5259242	-50.11202	
11:03:00:409	0	0	0	0.998079	-9.059239	0	3	100	0	6453	-1.001891	-0.5096027	-50.10333	
11:03:00:612	0	0	0	0.5731	-25.05563	0	3	100	0	6453	-0.9961726	-0.5032286	-50.09604	
11:03:00:815	0	0	0	0.5731	-25.05563	0	3	100	0	6453	-0.9936803	-0.5051911	-50.09376	
11:03:01:3	0	0	0	0.5731	-25.05563	0	3	100	0	6453	-0.9972998	-0.4976754	-50.07179	
11:03:01:206	0	0	0	0.5731	-25.05563	0	3	100	0	6453	-1.00899	-0.5058261	-50.04952	
11:03:01:409	0	0	0	0.5731	-25.05563	0	3	100	0	6453	-1.00437	-0.5121368	-50.02908	
11:03:01:612	0	0	0	0.3583966	-23.87236	0	3	100	0	6453	-1.004252	-0.4987356	-50.01792	
11:03:01:815	0	0	0	0.3583966	-23.87236	0	3	100	0	6453	-1.010364	-0.4843525	-49.99767	
11:03:02:19	0	0	0	0.3583966	-23.87236	0	3	100	0	6453	-1.00393	-0.4627483	-49.97783	
11:03:02:206	0	0	0	0.3583966	-23.87236	0	3	100	0	6453	-0.9925069	-0.4465795	-49.9699	
11:03:02:409	0	0	0	0.3583966	-23.87236	0	3	100	0	6453	-0.9885576	-0.4470706	-49.93567	
11:03:02:612	0	0	0	0.113534	-24.78879	0	3	100	0	6453	-0.9828632	-0.45231	-49.91551	
11:03:02:815	0	0	0	0.113534	-24.78879	0	3	100	0	6453	-0.9776049	-0.4515684	-49.89561	
11:03:03:19	0	0	0	0.113534	-24.78879	0	3	100	0	6453	-0.9641861	-0.4390738	-49.88227	
11:03:03:206	0	0	0	0.113534	-24.78879	0	3	100	0	6453	-0.9698298	-0.4240094	-49.86797	
11:03:03:409	0	0	0	0.113534	-24.78879	0	3	100	0	6453	-0.9687017	-0.4165233	-49.85589	
11:03:03:613	0	0	0	-0.01730929	-21.73527	0	3	100	0	6453	-0.9432296	-0.4082151	-49.83218	
11:03:03:816	0	0	0	-0.01730929	-21.73527	0	3	100	0	6453	-0.8336321	-0.3075354	-49.83309	
11:03:04:19	0	0	0	-0.01730929	-21.73527	0	3	100	0	6453	-0.9736419	-0.3858247	-49.74064	
11:03:04:222	0	0	0	-0.01730929	-21.73527	0	3	100	0	6453	-0.9301677	-0.3501765	-49.75098	
11:03:04:411	0	0	0	-0.01730929	-21.73527	0	3	100	0	6453	-0.9207847	-0.3701653	-49.74352	
11:03:04:614	0	0	0	-0.03463832	-14.86429	0	3	100	0	6453	-0.9280986	-0.3664801	-49.7257	
11:03:04:817	0	0	0	-0.03463832	-14.86429	0	3	100	0	6453	-0.9160025	-0.3420708	-49.71621	
11:03:05:20	0	0	0	-0.03463832	-14.86429	0	3	100	0	6453	-0.8969864	-0.3245896	-49.7065	
11:03:05:223	0	0	0	-0.03463832	-14.86429	0	3	100	0	6453	-0.8859252	-0.3186751	-49.68167	
11:03:05:427	0	0	0	-0.03463832	-14.86429	0	3	100	0	6453	-0.8875647	-0.3189717	-49.6796	
11:03:05:630	0	0	0	0.1370033	-1.349893	0	3	100	0	6453	-0.8858747	-0.3204973	-49.6821	
11:03:05:817	0	0	0	0.1370033	-1.349893	0	3	100	0	6453	-0.8724173	-0.3123925	-49.66248	
11:03:06:21	0	0	0	0.1370033	-1.349893	0	3	100	0	6453	-0.8649697	-0.2941705	-49.64775	
11:03:06:224	0	0	0	0.1370033	-1.349893	0	3	100	0	6453	-0.8670608	-0.3026668	-49.63235	
11:03:06:427	0	0	0	0.1370033	-1.349893	0	3	100	0	6453	-0.870409	-0.302101	-49.6252	
11:03:06:630	0	0	0	-0.04888017	-9.702948	0	3	100	0	6453	-0.8648024	-0.3014285	-49.59398	
11:03:06:817	0	0	0	-0.04888017	-9.702948	0	3	100	0	6453	-0.8686501	-0.2816652	-49.57127	
11:03:07:20	0	0	0	-0.04888017	-9.702948	0	3	100	0	6453	-0.8841104	-0.2945146	-49.5549	
11:03:07:224	0	0	0	-0.04888017	-9.702948	0	3	100	0	6453	-0.8865379	-0.2751801	-49.54631	
11:03:07:427	0	0	0	-0.04888017	-9.702948	0	3	100	0	6453	-0.879913	-0.2956536	-49.54285	
11:03:07:630	0	0	0	-0.1704848	-9.78339	0	3	100	0	6453	-0.8511503	-0.3007262	-49.51566	
11:03:07:833	0	0	0	-0.1704848	-9.78339	0	3	100	0	6453	-0.8574249	-0.3042914	-49.51219	
11:03:08:37	0	0	0	-0.1704848	-9.78339	0	3	100	0	6453	-0.8734112	-0.3069916	-49.50689	
11:03:08:224	0	0	0	-0.1704848	-9.78339	0	3	100	0	6453	-0.883982	-0.3249703	-49.49215	
11:03:08:427	0	0	0	-0.1704848	-9.78339	0	3	100	0	6453	-0.8714107	-0.3155502	-49.48775	
11:03:08:630	0	0	0	-0.301049	-11.14296	0	3	100	0	6453	-0.862261	-0.3164291	-49.47939	
11:03:08:834	0	0	0	-0.301049	-11.14296	0	3	100	0	6453	-0.853958	-0.3080985	-49.47213	
11:03:09:37	0	0	0	-0.301049	-11.14296	0	3	100	0	6453	-0.8517467	-0.2851375	-49.47024	
11:03:09:240	0	0	0	-0.301049	-11.14296	0	3	100	0	6453	-0.8600879	-0.2991733	-49.46815	
11:03:09:433	0	0	0	-0.301049	-11.14296	0	3	100	0	6453	-0.8556165	-0.3076352	-49.4692	
11:03:09:636	0	0	0	-0.1171575	0.6505481	0	3	100	0	6453	-0.85242	-0.3312688	-49.47742	
11:03:09:839	0	0	0	-0.1171575	0.6505481	0	3	100	0	6453	-0.8473719	-0.3157608	-49.47207	
11:03:10:42	0	0	0	-0.1171575	0.6505481	0	3	100	0	6453	-0.8457682	-0.3062926	-49.47087	
11:03:10:245	0	0	0	-0.1171575	0.6505481	0	3	100	0	6453	-0.8407625	-0.3022351	-49.44466	
11:03:10:433	0	0	0	-0.1171575	0.6505481	0	3	100	0	6453	-0.8268996	-0.2835899	-49.4305	
11:03:10:636	0	0	0	0.1406493	11.12149	0	3	100	0	6453	-0.8336148	-0.2594554	-49.42075	
11:03:10:839	0	0	0	0.1406493	11.12149	0	3	100	0	6453	-0.8360904	-0.2622885	-49.41264	
11:03:11:42	0	0	0	0.1406493	11.12149	0	3	100	0	6453	-0.8191816	-0.277409	-49.39492	
11:03:11:245	0	0	0	0.1406493	11.12149	0	3	100	0	6453	-0.8019916	-0.2793781	-49.39982	
11:03:11:448	0	0	0	0.1406493	11.12149	0	3	100	0	6453	-0.8003852	-0.271981	-49.41032	
11:03:11:636	0	0	0	0.1145374	5.173279	0	3	100	0	6453	-0.824361	-0.2776118	-49.41877	
11:03:11:839	0	0	0	0.1145374	5.173279	0	3	100	0	6453	-0.8587686	-0.311199	-49.40218	
11:03:12:42	0	0	0	0.1145374	5.173279	0	3	100	0	6453	-0.8758762	-0.3354711	-49.39773	
11:03:12:246	0	0	0	0.1145374	5.173279	0	3	100	0	6453	-0.8749201	-0.3360051	-49.38935	
11:03:12:449	0	0	0	0.1145374	5.173279	0	3	100	0	6453	-0.8696844	-0.3347078	-49.38113	
11:03:12:652	0	0	0	0.3628627	14.53455	0	3	100	0	6453	-0.8576763	-0.3160327	-49.38352	
11:03:12:841	0	0	0	0.3628627	14.53455	0	3	100	0	6453	-0.8708995	-0.3084378	-49.36176	
11:03:13:44	0	0	0	0.3628627	14.53455	0	3	100	0	6453	-0.8666812	-0.2991675	-49.34773	
11:03:13:247	0	0	0	0.3628627	14.53455	0	3	100	0	6453	-0.842773	-0.254184	-49.3637	
11:03:13:450	0	0	0	0.3628627	14.53455	0	3	100	0	6453	-0.8438377	-0.2507596	-49.3384	
11:03:13:654	0	0	0	0.6915923	23.87576	0	3	100	0	6453	-0.8283517	-0.2211325	-49.33645	
11:03:13:857	0	0	0	0.6915923	23.87576	0	3	100	0	6453	-0.8913889	-0.300097	-49.32771	
11:03:14:44	0	0	0	0.6915923	23.87576	0	3	100	0	6453	-0.896417	-0.2910362	-49.33372	
11:03:14:247	0	0	0	0.6915923	23.87576	0	3	100	0	6453	-0.8844242	-0.2708153	-49.32941	
11:03:14:450	0	0	0	0.6915923	23.87576	0	3	100	0	6453	-0.8745003	-0.2551701	-49.32745	
11:03:14:654	0	0	0	0.673219	13.13301	0	3	100	0	6453	-0.874979	-0.2397321	-49.33014	
11:03:14:857	0	0	0	0.673219	13.13301	0	3	100	0	6453	-0.8735976	-0.2545752	-49.32671	
11:03:15:60	0	0	0	0.673219	13.13301	0	3	100	0	6453	-0.875475	-0.2613865	-49.30938	
11:03:15:263	0	0	0	0.673219	13.13301	0	3	100	0	6453	-0.8544016	-0.2288184	-49.28856	
11:03:15:451	0	0	0	0.673219	13.13301	0	3	100	0	6453	-0.8370601	-0.2224213	-49.28141	
11:03:15:654	0	0	0	0.1085936	-15.43566	0	3	100	0	6453	-0.841629	-0.2206821	-49.28521	
11:03:15:857	0	0	0	0.1085936	-15.43566	0	3	100	0	6453	-0.8481849	-0.2098143	-49.28874	
11:03:16:60	0	0	0	0.1085936	-15.43566	0	3	100	0	6453	-0.8462084	-0.2208165	-49.27335	
11:03:16:263	0	0	0	0.1085936	-15.43566	0	3	100	0	6453	-0.8466648	-0.2262315	-49.2608	
11:03:16:466	0	0	0	0.1085936	-15.43566	0	3	100	0	6453	-0.8662967	-0.2450088	-49.24451	
11:03:16:654	0	0	0	-0.001229042	-14.11115	0	3	100	0	6453	-0.8438053	-0.2310762	-49.24552	
11:03:16:857	0	0	0	-0.001229042	-14.11115	0	3	100	0	6453	-0.8328164	-0.2240719	-49.23235	
11:03:17:60	0	0	0	-0.001229042	-14.11115	0	3	100	0	6453	-0.7978774	-0.2277498	-49.24495	
11:03:17:263	0	0	0	-0.001229042	-14.11115	0	3	100	0	6453	-0.7560759	-0.2171228	-49.30929	
11:03:17:466	0	0	0	-0.001229042	-14.11115	0	3	100	0	6453	-0.7967361	-0.2507296	-49.31042	
11:03:17:654	0	0	0	0.2539805	2.850254	0	3	100	0	6453	-0.7467243	-0.2041396	-49.68718	
11:03:17:857	0	0	0	0.2539805	2.850254	0	3	100	0	6453	-0.9385858	-0.3474785	-50.18264	
11:03:18:60	0	0	0	0.2539805	2.850254	0	3	100	0	6453	-0.9683642	-0.3767755	-49.52387	
11:03:18:264	0	0	0	0.2539805	2.850254	0	3	100	0	6453	-0.9407659	-0.3799097	-49.45392	
11:03:18:468	0	0	0	0.2539805	2.850254	0	3	100	0	6453	-0.9266518	-0.3403921	-49.40838	
11:03:18:671	0	0	0	0.1059939	-4.390454	0	3	100	0	6453	-0.9036506	-0.3124656	-49.37845	
11:03:18:874	0	0	0	0.1059939	-4.390454	0	3	100	0	6453	-0.890621	-0.3189289	-49.37161	
11:03:19:62	0	0	0	0.1059939	-4.390454	0	3	100	0	6453	-0.8838554	-0.3087066	-49.35473	
11:03:19:265	0	0	0	0.1059939	-4.390454	0	3	100	0	6453	-0.8889327	-0.2988853	-49.34226	
11:03:19:468	0	0	0	0.1059939	-4.390454	0	3	100	0	6453	-0.8718632	-0.2851691	-49.32234	
11:03:19:671	0	0	0	0.01359219	-5.579722	0	3	100	0	6453	-0.8730833	-0.2834258	-49.31314	
11:03:19:874	0	0	0	0.01359219	-5.579722	0	3	100	0	6453	-0.8787355	-0.2606411	-49.29314	
11:03:20:78	0	0	0	0.01359219	-5.579722	0	3	100	0	6453	-0.8624627	-0.2711445	-49.28501	
11:03:20:265	0	0	0	0.01359219	-5.579722	0	3	100	0	6453	-0.852621	-0.2661045	-49.2863	
11:03:20:468	0	0	0	0.01359219	-5.579722	0	3	100	0	6453	-0.8568689	-0.2638769	-49.28483	
11:03:20:671	0	0	0	0.2685817	6.927704	0	3	100	0	6453	-0.8572291	-0.2662857	-49.26479	
11:03:20:875	0	0	0	0.2685817	6.927704	0	3	100	0	6453	-0.8544796	-0.2678256	-49.25554	
11:03:21:78	0	0	0	0.2685817	6.927704	0	3	100	0	6453	-0.8602654	-0.2762524	-49.23719	
11:03:21:281	0	0	0	0.2685817	6.927704	0	3	100	0	6453	-0.8631404	-0.2774074	-49.23818	
11:03:21:470	0	0	0	0.2685817	6.927704	0	3	100	0	6453	-0.8709936	-0.3042344	-49.22784	
11:03:21:673	0	0	0	0.1211261	-2.305419	0	3	100	0	6453	-0.8695946	-0.2930529	-49.23069	
11:03:21:876	0	0	0	0.1211261	-2.305419	0	3	100	0	6453	-0.8683068	-0.2919788	-49.22373	
11:03:22:83	0	0	0	0.1211261	-2.305419	0	3	100	0	6453	-0.8576296	-0.2798909	-49.20687	
11:03:22:286	0	0	0	0.1211261	-2.305419	0	3	100	0	6453	-0.8646318	-0.2608451	-49.2184	
11:03:22:473	0	0	0	0.1211261	-2.305419	0	3	100	0	6453	-0.8773016	-0.2703951	-49.2155	
11:03:22:677	0	0	0	0.2671033	4.965991	0	3	100	0	6453	-0.8759488	-0.266279	-49.20894	
11:03:22:880	0	0	0	0.2671033	4.965991	0	3	100	0	6453	-0.8851334	-0.2746009	-49.2063	
11:03:23:83	0	0	0	0.2671033	4.965991	0	3	100	0	6453	-0.9264507	-0.2680235	-49.21813	
11:03:23:286	0	0	0	0.2671033	4.965991	0	3	100	0	6453	-0.9109476	-0.2285828	-49.21777	
11:03:23:483	0	0	0	0.2671033	4.965991	0	3	100	0	6453	-0.8999571	-0.2128989	-49.20567	
11:03:23:687	0	0	0	0.5134345	13.32977	0	3	100	0	6453	-0.9066094	-0.2066402	-49.20116	
11:03:23:890	0	0	0	0.5134345	13.32977	0	3	100	0	6453	-0.9139697	-0.232671	-49.18562	
11:03:24:77	0	0	0	0.5134345	13.32977	0	3	100	0	6453	-0.8965715	-0.2185843	-49.17299	
11:03:24:280	0	0	0	0.5134345	13.32977	0	3	100	0	6453	-0.8830323	-0.2056702	-49.18297	
11:03:24:484	0	0	0	0.5134345	13.32977	0	3	100	0	6453	-0.8824148	-0.2157104	-49.1773	
11:03:24:687	0	0	0	0.6054696	12.731	0	3	100	0	6453	-0.8695301	-0.2207674	-49.16917	
11:03:24:890	0	0	0	0.6054696	12.731	0	3	100	0	6453	-0.8722456	-0.2193231	-49.17317	
11:03:25:93	0	0	0	0.6054696	12.731	0	3	100	0	6453	-0.8737882	-0.2322522	-49.1794	
11:03:25:296	0	0	0	0.6054696	12.731	0	3	100	0	6453	-0.8776423	-0.2310873	-49.16645	
11:03:25:499	0	0	0	0.6054696	12.731	0	3	100	0	6453	-0.8837795	-0.2048923	-49.15768	
11:03:25:687	0	0	0	0.5091185	1.538678	0	3	100	0	6453	-0.8807417	-0.2136659	-49.15191	
11:03:25:890	0	0	0	0.5091185	1.538678	0	3	100	0	6453	-0.8958852	-0.220864	-49.13834	
11:03:26:93	0	0	0	0.5091185	1.538678	0	3	100	0	6453	-0.9007874	-0.2097568	-49.12648	
11:03:26:296	0	0	0	0.5091185	1.538678	0	3	100	0	6453	-0.8988481	-0.200631	-49.11057	
11:03:26:499	0	0	0	0.5091185	1.538678	0	3	100	0	6453	-0.9072806	-0.1939315	-49.11558	
11:03:26:703	0	0	0	0.3749054	-5.229473	0	3	100	0	6453	-0.9032299	-0.1964408	-49.12975	
11:03:26:890	0	0	0	0.3749054	-5.229473	0	3	100	0	6453	-0.9780686	-0.2626256	-49.11301	
11:03:27:93	0	0	0	0.3749054	-5.229473	0	3	100	0	6453	-0.9831924	-0.2738257	-49.10702	
11:03:27:297	0	0	0	0.3749054	-5.229473	0	3	100	0	6453	-0.9766609	-0.2603733	-49.10944	
11:03:27:501	0	0	0	0.3749054	-5.229473	0	3	100	0	6453	-0.9900405	-0.2599548	-49.10946	
11:03:27:704	0	0	0	0.2289526	-9.34183	0	3	100	0	6453	-0.9713216	-0.2577154	-49.09293	
11:03:27:907	0	0	0	0.2289526	-9.34183	0	3	100	0	6453	-0.9420303	-0.2319787	-49.10071	
11:03:28:95	0	0	0	0.2289526	-9.34183	0	3	100	0	6453	-0.9369637	-0.2381356	-49.09862	
11:03:28:298	0	0	0	0.2289526	-9.34183	0	3	100	0	6453	-0.9261984	-0.2493836	-49.09596	
11:03:28:501	0	0	0	0.2289526	-9.34183	0	3	100	0	6453	-0.914608	-0.2443103	-49.09204	
11:03:28:704	0	0	0	0.1000672	-12.78937	0	3	100	0	6453	-0.91168	-0.2485875	-49.0823	
11:03:28:907	0	0	0	0.1000672	-12.78937	0	3	100	0	6453	-0.9159178	-0.2494825	-49.10218	
11:03:29:111	0	0	0	0.1000672	-12.78937	0	3	100	0	6453	-0.9117848	-0.2305643	-49.08438	
11:03:29:298	0	0	0	0.1000672	-12.78937	0	3	100	0	6453	-0.9138712	-0.2319527	-49.08271	
11:03:29:501	0	0	0	0.1000672	-12.78937	0	3	100	0	6453	-0.9147367	-0.2108114	-49.09103	
11:03:29:704	0	0	0	0.01518653	-11.11046	0	3	100	0	6453	-0.9012939	-0.1987639	-49.10572	
11:03:29:908	0	0	0	0.01518653	-11.11046	0	3	100	0	6453	-0.8965362	-0.1924607	-49.09437	
11:03:30:111	0	0	0	0.01518653	-11.11046	0	3	100	0	6453	-0.8963132	-0.1742328	-49.1049	
11:03:30:314	0	0	0	0.01518653	-11.11046	0	3	100	0	6453	-0.8948138	-0.1791441	-49.11358	
11:03:30:517	0	0	0	0.01518653	-11.11046	0	3	100	0	6453	-0.8804775	-0.13234	-49.10791	
11:03:30:705	0	0	0	0.4062819	10.79331	0	3	100	0	6453	-0.8875065	-0.1267657	-49.09864	
11:03:30:908	0	0	0	0.4062819	10.79331	0	3	100	0	6453	-0.8841336	-0.1181512	-49.10091	
11:03:31:111	0	0	0	0.4062819	10.79331	0	3	100	0	6453	-0.8873447	-0.1291697	-49.08627	
11:03:31:312	0	0	0	0.4062819	10.79331	0	3	100	0	6453	-0.8955329	-0.1396217	-49.085	
11:03:31:518	0	0	0	0.4062819	10.79331	0	3	100	0	6453	-0.8871784	-0.1451003	-49.09381	
11:03:31:706	0	0	0	0.5151283	9.622303	0	3	100	0	6453	-0.8827791	-0.1418173	-49.09983	
11:03:31:956	0	0	0	0.5151283	9.622303	0	3	100	0	6453	-0.8776687	-0.1365664	-49.09509	
11:03:32:222	0	0	0	0.5151283	9.622303	0	3	100	0	6453	-0.880805	-0.1467976	-49.1024	
11:03:32:409	0	0	0	0.5151283	9.622303	0	3	100	0	6453	-0.8827889	-0.1477753	-49.08918	
11:03:32:612	0	0	0	0.5151283	9.622303	0	3	100	0	6453	-0.8875406	-0.1492935	-49.0758	
11:03:32:815	0	0	0	0.237189	-7.525702	0	3	100	0	6453	-0.8852807	-0.1423963	-49.06491	
11:03:33:19	0	0	0	0.237189	-7.525702	0	3	100	0	6453	-0.8818051	-0.1494481	-49.06706	
11:03:33:222	0	0	0	0.237189	-7.525702	0	3	100	0	6453	-0.883807	-0.1524779	-49.0731	
11:03:33:425	0	0	0	0.237189	-7.525702	0	3	100	0	6453	-0.8812581	-0.1431995	-49.05641	
11:03:33:628	0	0	0	0.237189	-7.525702	0	3	100	0	6453	-0.8834061	-0.1443128	-49.05213	
11:03:33:816	0	0	0	0.3147083	-0.00314815	0	3	100	0	6453	-0.8814484	-0.1477618	-49.0441	
11:03:34:19	0	0	0	0.3147083	-0.00314815	0	3	100	0	6453	-0.8845207	-0.1566831	-49.05438	
11:03:34:222	0	0	0	0.3147083	-0.00314815	0	3	100	0	6453	-0.8879517	-0.1474778	-49.04613	
11:03:34:425	0	0	0	0.3147083	-0.00314815	0	3	100	0	6453	-0.8883341	-0.1438957	-49.04336	
11:03:34:628	0	0	0	0.3147083	-0.00314815	0	3	100	0	6453	-0.8779066	-0.1514748	-49.04094	
11:03:34:816	0	0	0	0.4433751	5.616369	0	3	100	0	6453	-0.8824565	-0.1409664	-49.03713	
11:03:35:19	0	0	0	0.4433751	5.616369	0	3	100	0	6453	-0.8860805	-0.1185927	-49.02781	
11:03:35:222	0	0	0	0.4433751	5.616369	0	3	100	0	6453	-0.8758773	-0.1130906	-49.01999	
11:03:35:426	0	0	0	0.4433751	5.616369	0	3	100	0	6453	-0.8620844	-0.09319455	-49.02396	
11:03:35:630	0	0	0	0.4433751	5.616369	0	3	100	0	6453	-0.8490148	-0.09018695	-49.03607	
11:03:35:833	0	0	0	0.5207514	6.614172	0	3	100	0	6453	-0.8794818	-0.1372717	-49.03659	
11:03:36:20	0	0	0	0.5207514	6.614172	0	3	100	0	6453	-0.8975846	-0.1757388	-49.07073	
11:03:36:224	0	0	0	0.5207514	6.614172	0	3	100	0	6453	-0.9064655	-0.1713043	-49.06541	
11:03:36:427	0	0	0	0.5207514	6.614172	0	3	100	0	6453	-0.9030009	-0.1756077	-49.06216	
11:03:36:630	0	0	0	0.5207514	6.614172	0	3	100	0	6453	-0.8998294	-0.1801763	-49.06283	
11:03:36:833	0	0	0	0.5232649	3.049716	0	3	100	0	6453	-0.8876885	-0.1598518	-49.05938	
11:03:37:36	0	0	0	0.5232649	3.049716	0	3	100	0	6453	-0.8658592	-0.1359913	-49.06293	
11:03:37:224	0	0	0	0.5232649	3.049716	0	3	100	0	6453	-0.8575971	-0.1373252	-49.04061	
11:03:37:427	0	0	0	0.5232649	3.049716	0	3	100	0	6453	-0.8580989	-0.1289678	-49.02419	
11:03:37:630	0	0	0	0.5232649	3.049716	0	3	100	0	6453	-0.8446873	-0.1201127	-49.01579	
11:03:37:833	0	0	0	0.4195857	-2.169795	0	3	100	0	6453	-0.8435802	-0.1336541	-49.01812	
11:03:38:32	0	0	0	0.4195857	-2.169795	0	3	100	0	6453	-0.8364454	-0.1346576	-49.02717	
11:03:38:236	0	0	0	0.4195857	-2.169795	0	3	100	0	6453	-0.8409261	-0.1223806	-49.01913	
11:03:38:439	0	0	0	0.4195857	-2.169795	0	3	100	0	6453	-0.8421403	-0.1245694	-49.02566	
11:03:38:626	0	0	0	0.4195857	-2.169795	0	3	100	0	6453	-0.8522949	-0.149654	-49.01945	
11:03:38:830	0	0	0	0.5045617	1.044629	0	3	100	0	6453	-0.8574166	-0.1551336	-49.02734	
11:03:39:33	0	0	0	0.5045617	1.044629	0	3	100	0	6453	-0.844339	-0.1494925	-49.03537	
11:03:39:236	0	0	0	0.5045617	1.044629	0	3	100	0	6453	-0.8506233	-0.1421491	-49.0259	
11:03:39:439	0	0	0	0.5045617	1.044629	0	3	100	0	6453	-0.8450595	-0.1325152	-49.02802	
11:03:39:642	0	0	0	0.5045617	1.044629	0	3	100	0	6453	-0.820706	-0.1284497	-49.01928	
11:03:39:845	0	0	0	0.5317149	2.345729	0	3	100	0	6453	-0.8099913	-0.102854	-49.02313	
11:03:40:48	0	0	0	0.5317149	2.345729	0	3	100	0	6453	-0.817119	-0.1177937	-48.99846	
11:03:40:236	0	0	0	0.5317149	2.345729	0	3	100	0	6453	-0.8144116	-0.1208427	-48.99924	
11:03:40:439	0	0	0	0.5317149	2.345729	0	3	100	0	6453	-0.8160973	-0.1316502	-48.99284	
11:03:40:642	0	0	0	0.5317149	2.345729	0	3	100	0	6453	-0.8198763	-0.154139	-48.99483	
11:03:40:846	0	0	0	0.4906976	-0.1109414	0	3	100	0	6453	-0.8176435	-0.1696445	-48.9976	
11:03:41:34	0	0	0	0.4906976	-0.1109414	0	3	100	0	6453	-0.8236522	-0.1584466	-48.98803	
11:03:41:237	0	0	0	0.4906976	-0.1109414	0	3	100	0	6453	-0.8352055	-0.1373837	-48.98824	
11:03:41:441	0	0	0	0.4906976	-0.1109414	0	3	100	0	6453	-0.8336219	-0.1231452	-48.98687	
11:03:41:644	0	0	0	0.4906976	-0.1109414	0	3	100	0	6453	-0.8394086	-0.1192266	-48.98681	
11:03:41:847	0	0	0	0.6573987	6.787478	0	3	100	0	6453	-0.838066	-0.1210082	-48.99419	
11:03:42:50	0	0	0	0.6573987	6.787478	0	3	100	0	6453	-0.8464212	-0.1342269	-48.98551	
11:03:42:238	0	0	0	0.6573987	6.787478	0	3	100	0	6453	-0.8330204	-0.131347	-48.98133	
11:03:42:441	0	0	0	0.6573987	6.787478	0	3	100	0	6453	-0.8184924	-0.1306211	-48.97295	
11:03:42:644	0	0	0	0.6573987	6.787478	0	3	100	0	6453	-0.8223596	-0.1510728	-48.97007	
11:03:42:847	0	0	0	0.936845	16.40752	0	3	100	0	6453	-0.8235307	-0.1446458	-48.97535	
11:03:43:52	0	0	0	0.936845	16.40752	0	3	100	0	6453	-0.8106027	-0.1415875	-48.97877	
11:03:43:255	0	0	0	0.936845	16.40752	0	3	100	0	6453	-0.8337699	-0.1695546	-48.96936	
11:03:43:443	0	0	0	0.936845	16.40752	0	3	100	0	6453	-0.821166	-0.1892999	-48.97281	
11:03:43:646	0	0	0	0.936845	16.40752	0	3	100	0	6453	-0.8327942	-0.1947708	-48.97393	
11:03:43:849	0	0	0	0.9303901	8.421198	0	3	100	0	6453	-0.8366252	-0.2093863	-48.97677	
11:03:44:52	0	0	0	0.9303901	8.421198	0	3	100	0	6453	-0.857811	-0.2466096	-48.97741	
11:03:44:255	0	0	0	0.9303901	8.421198	0	3	100	0	6453	-0.8725042	-0.2473551	-48.97936	
11:03:44:458	0	0	0	0.9303901	8.421198	0	3	100	0	6453	-0.9078431	-0.2766172	-48.97463	
11:03:44:646	0	0	0	0.9303901	8.421198	0	3	100	0	6453	-0.9107894	-0.29394	-48.99935	
11:03:44:849	0	0	0	1.01404	8.521437	0	3	100	0	6453	-0.9077876	-0.3178758	-49.02228	
11:03:45:52	0	0	0	1.01404	8.521437	0	3	100	0	6453	-0.8841544	-0.317138	-49.05038	
11:03:45:255	0	0	0	1.01404	8.521437	0	3	100	0	6453	-0.8321705	-0.2906646	-49.11969	
11:03:45:458	0	0	0	1.01404	8.521437	0	3	100	0	6453	-0.6556671	-0.1456591	-52.94901	
11:03:45:661	0	0	0	1.01404	8.521437	0	3	100	0	6453	-0.7906222	-0.3327857	-60.10535	
11:03:45:865	0	0	0	0.9192162	5.957257	0	3	100	0	6453	-0.975129	-0.03360148	-63.97495	
11:03:46:52	0	0	0	0.9192162	5.957257	0	3	100	0	6453	-0.5435893	-0.2700849	-69.01881	
11:03:46:255	0	0	0	0.9192162	5.957257	0	3	100	0	6453	-0.7914009	-0.3244034	-69.18121	
11:03:46:459	0	0	0	0.9192162	5.957257	0	3	100	0	6453	-0.8300978	-0.4462098	-69.19643	
11:03:46:662	0	0	0	0.9192162	5.957257	0	3	100	0	6453	-0.8697574	-0.454441	-69.24103	
11:03:46:867	0	0	0	1.066369	13.99938	0	3	100	0	6453	-0.8986437	-0.436307	-69.26102	
11:03:47:64	0	0	0	1.066369	13.99938	0	3	100	0	6453	-0.9163027	-0.4328205	-69.29968	
11:03:47:267	0	0	0	1.066369	13.99938	0	3	100	0	6453	-0.941244	-0.4246366	-69.32716	
11:03:47:455	0	0	0	1.066369	13.99938	0	3	100	0	6453	-0.9704309	-0.4177843	-69.3611	
11:03:47:658	0	0	0	1.066369	13.99938	0	3	100	0	6453	-0.9842539	-0.4254346	-69.39827	
11:03:47:861	0	0	0	0.955587	2.791334	0	3	100	0	6453	-1.00829	-0.4138968	-69.43552	
